Paired per-(record, seed) change against the deployed variances, percent (negative is better).
Bracketed range is over records and seeds; * marks one sign on every pair.

arm                                         roll                   pitch                     yaw                       z                      3d                 accbias
------------------------------------------------------------------------------------------------------------------------------------------------------------------------
sga_0.36                   -0.34 [  -2.6,  +0.4]    +0.27 [  -6.1, +12.0]    +0.12 [  -1.2,  +3.2]    -0.25 [  -1.9,  +5.1]    -0.06 [  -0.3,  +0.4]    -0.11 [  -5.9,  +4.2] 
sga_0.5                    -0.22 [  -1.4,  +0.3]    +0.03 [  -4.4,  +6.4]    +0.06 [  -0.9,  +2.0]    -0.40 [  -1.7,  +3.6]    -0.05 [  -0.2,  +0.3]    -0.16 [  -4.2,  +2.1] 
sga_0.71                   -0.10 [  -0.5,  +0.2]    -0.09 [  -2.3,  +2.4]    +0.02 [  -0.4,  +1.0]    -0.45 [  -1.5,  +1.6]    -0.04 [  -0.1,  +0.1]    -0.13 [  -2.1,  +1.0] 
sga_1.41                   +0.06 [  -0.3,  +0.5]    +0.31 [  -1.8,  +2.4]    +0.02 [  -0.7,  +0.4]    +1.62 [  -0.6,  +4.2]    +0.09 [  -0.1,  +0.2]    +0.25 [  -0.9,  +2.3] 
sga_2                      +0.07 [  -0.5,  +0.9]    +0.74 [  -2.7,  +4.6]    +0.06 [  -1.1,  +0.9]    +5.52 [  +0.2, +13.0]*   +0.31 [  -0.0,  +0.6]    +0.56 [  -1.7,  +5.0] 
sga_3                      +0.06 [  -0.9,  +1.2]    +1.12 [  -2.9,  +6.8]    +0.09 [  -1.5,  +1.6]   +14.68 [  +3.7, +30.5]*   +0.86 [  +0.3,  +1.5]*   +0.86 [  -2.3,  +8.2] 
sgg_0.02                  -11.75 [ -25.3,  +6.7]   -14.32 [ -45.5,  +7.6]    -0.59 [  -8.2,  +6.9]    -1.92 [  -6.1,  +0.6]   -28.25 [ -41.0,  -7.3]*   -0.18 [ -16.2, +11.6] 
sgg_0.035                 -11.55 [ -25.1,  +6.6]   -14.14 [ -46.1,  +8.1]    -0.64 [  -8.1,  +7.2]    -1.91 [  -6.1,  +0.6]   -33.68 [ -46.7, -13.3]*   -0.21 [ -18.0, +11.3] 
sgg_0.056                 -11.12 [ -24.5,  +5.9]   -13.92 [ -45.7,  +8.8]    -0.70 [  -7.8,  +7.3]    -1.89 [  -6.1,  +0.6]   -36.74 [ -50.6, -17.5]*   -0.30 [ -19.4, +10.8] 
sgg_0.1                   -10.28 [ -22.4,  +3.8]   -13.14 [ -41.3,  +9.3]    -0.79 [  -6.5,  +6.5]    -1.88 [  -6.0,  +0.6]   -35.64 [ -51.0, -19.0]*   -0.37 [ -18.6,  +9.3] 
sgg_0.18                   -9.15 [ -19.6,  +1.9]   -11.54 [ -32.5,  +8.3]    -0.85 [  -4.2,  +4.4]    -1.87 [  -5.8,  +0.5]   -29.22 [ -45.1, -14.8]*   -0.32 [ -14.1,  +6.5] 
sgg_0.32                   -7.53 [ -16.7,  -0.1]*   -9.37 [ -31.0,  +5.8]    -0.79 [  -3.7,  +2.2]    -1.77 [  -5.0,  +0.5]   -20.32 [ -32.0, -10.4]*   -0.24 [  -8.5,  +3.5] 
sgg_0.56                   -4.84 [ -10.9,  -0.9]*   -6.28 [ -21.4,  +2.7]    -0.55 [  -2.4,  +0.8]    -1.37 [  -3.5,  +0.3]   -10.78 [ -15.8,  -6.2]*   -0.17 [  -3.8,  +1.3] 
sgg_2                     +10.12 [  +2.4, +21.7]*  +17.39 [  -4.2, +47.2]    +1.71 [  -1.6,  +6.5]    +4.66 [  +0.5, +11.4]*  +16.25 [ +10.6, +22.9]*   +0.54 [  -1.7,  +3.9] 
sgm_0.25                  +25.51 [  +7.3, +50.3]*  +17.05 [  +3.6, +39.2]*   -1.13 [ -10.0,  +4.1]    +5.04 [  -1.1, +15.4]   +25.87 [  +9.7, +60.1]*   +0.69 [ -11.0,  +8.8] 
sgm_0.5                    +9.62 [  +1.9, +20.5]*   +6.58 [  +1.0, +17.6]*   -0.09 [  -1.8,  +1.4]    +1.70 [  -0.5,  +6.4]   +10.06 [  +2.5, +25.2]*   +0.88 [  -4.0,  +4.6] 
sgm_2                      -6.48 [ -19.9,  +5.5]    -2.40 [ -11.2,  +1.6]    -0.23 [  -1.3,  +0.6]    -0.19 [  -2.2,  +0.7]    -0.97 [ -12.3,  +6.5]    -1.01 [  -7.0,  +2.6] 
sgm_4                      -8.67 [ -42.9, +21.7]    -0.41 [  -9.9, +10.4]    -0.71 [  -4.1,  +2.4]    +0.11 [  -2.5,  +1.9]    +6.41 [ -13.5, +22.8]    +0.30 [ -16.4, +17.2] 
sgm_8                      -0.58 [ -58.6, +40.9]    +3.55 [ -15.6, +30.7]    -1.70 [ -10.9,  +7.7]    +0.39 [  -3.2,  +3.2]   +15.06 [ -12.2, +43.3]    +5.17 [ -26.2, +50.7] 
pq0_5e-05                  +0.00 [  +0.0,  +0.0]    +0.00 [  +0.0,  +0.0]    +0.00 [  +0.0,  +0.0]    +0.00 [  +0.0,  +0.0]    +0.00 [  +0.0,  +0.0]    +0.00 [  +0.0,  +0.0] 
pq0_0.005                  +0.00 [  +0.0,  +0.0]    +0.00 [  +0.0,  +0.0]    +0.00 [  +0.0,  +0.0]    +0.00 [  +0.0,  +0.0]    +0.00 [  +0.0,  +0.0]    +0.00 [  +0.0,  +0.0] 
pq0_0.05                   +0.00 [  +0.0,  +0.0]    +0.00 [  +0.0,  +0.0]    +0.00 [  +0.0,  +0.0]    +0.00 [  +0.0,  +0.0]    +0.00 [  +0.0,  +0.0]    +0.00 [  +0.0,  +0.0] 
pb0_1e-08                  +0.21 [ -11.8, +10.5]    -4.39 [ -31.9, +19.4]    +2.22 [  -5.1, +17.9]    -0.06 [  -0.5,  +0.2]    +0.76 [  -1.4,  +6.7]    -0.88 [  -5.7,  +2.0] 
pb0_1e-07                  -0.03 [  -3.5,  +2.2]    -1.18 [  -8.2,  +4.7]    +0.57 [  -1.8,  +4.7]    -0.02 [  -0.1,  +0.0]    +0.00 [  -0.6,  +1.0]    -0.23 [  -1.5,  +0.5] 
pb0_1e-05                  +0.01 [  -0.3,  +0.8]    +0.24 [  -0.7,  +1.5]    -0.06 [  -0.7,  +0.9]    +0.00 [  -0.0,  +0.0]    +0.02 [  -0.1,  +0.3]    +0.03 [  -0.1,  +0.2] 
pb0_0.0001                 +0.02 [  -0.3,  +1.0]    +0.26 [  -0.8,  +1.6]    -0.08 [  -0.8,  +0.9]    +0.00 [  -0.0,  +0.0]    +0.02 [  -0.1,  +0.3]    +0.04 [  -0.1,  +0.3] 
brw_1e-13                  -0.02 [  -0.2,  +0.1]    +0.21 [  -0.3,  +0.8]    -0.03 [  -0.3,  +0.3]    +0.00 [  -0.0,  +0.0]    +0.01 [  -0.0,  +0.1]    +0.01 [  -0.0,  +0.1] 
brw_1e-12                  -0.02 [  -0.2,  +0.1]    +0.19 [  -0.3,  +0.8]    -0.03 [  -0.3,  +0.3]    +0.00 [  -0.0,  +0.0]    +0.01 [  -0.0,  +0.1]    +0.01 [  -0.0,  +0.1] 
brw_1e-10                  +0.11 [  -0.7,  +1.0]    -1.02 [  -4.5,  +1.7]    +0.16 [  -1.6,  +1.7]    -0.01 [  -0.0,  +0.0]    +0.00 [  -0.4,  +0.2]    -0.06 [  -0.5,  +0.3] 
brw_1e-09                  +0.31 [  -1.8,  +2.3]    -2.19 [ -11.9,  +5.4]    +0.44 [  -4.2,  +4.7]    -0.01 [  -0.1,  +0.1]    +0.43 [  -0.3,  +1.0]    -0.16 [  -1.5,  +0.9] 
brw_1e-08                  +0.83 [  -2.0,  +3.7]    -1.16 [ -11.7, +12.0]    +0.73 [  -4.8,  +6.0]    -0.01 [  -0.1,  +0.1]    +2.29 [  +0.9,  +4.1]*   -0.19 [  -1.8,  +1.2] 
rs0_0.015                  +0.00 [  +0.0,  +0.0]    +0.00 [  +0.0,  +0.0]    +0.00 [  +0.0,  +0.0]    +0.00 [  +0.0,  +0.0]    +0.00 [  +0.0,  +0.0]    +0.00 [  +0.0,  +0.0] 
rs0_0.15                   +0.00 [  +0.0,  +0.0]    +0.00 [  +0.0,  +0.0]    +0.00 [  +0.0,  +0.0]    +0.00 [  +0.0,  +0.0]    +0.00 [  +0.0,  +0.0]    +0.00 [  +0.0,  +0.0] 
rs0_15                     +0.00 [  +0.0,  +0.0]    +0.00 [  +0.0,  +0.0]    +0.00 [  +0.0,  +0.0]    +0.00 [  +0.0,  +0.0]    +0.00 [  +0.0,  +0.0]    +0.00 [  +0.0,  +0.0] 
rs0_150                    +0.00 [  +0.0,  +0.0]    +0.00 [  +0.0,  +0.0]    +0.00 [  +0.0,  +0.0]    +0.00 [  +0.0,  +0.0]    +0.00 [  +0.0,  +0.0]    +0.00 [  +0.0,  +0.0] 

Per-record pooled means, percent (negative is better).

arm                      record                roll     pitch       yaw         z        3d   accbias
-----------------------------------------------------------------------------------------------------
sga_0.36                 jonswap_H0.270       -0.74     +1.40     +0.55     +1.65     +0.20     -0.16
sga_0.36                 jonswap_H1.500       -0.29     +0.40     +0.55     -0.54     -0.03     -0.14
sga_0.36                 jonswap_H4.000       -0.26     +0.08     -0.43     -0.77     -0.16     +0.14
sga_0.36                 jonswap_H8.500       -0.23     -0.13     -0.19     -0.45     -0.15     +0.00
sga_0.36                 pmstokes_H0.270      -0.60     +0.05     -0.41     +1.05     +0.11     -0.09
sga_0.36                 pmstokes_H1.500      -0.20     +0.17     +0.71     -1.14     -0.08     -0.41
sga_0.36                 pmstokes_H4.000      -0.28     -0.13     +0.11     -1.13     -0.18     -0.29
sga_0.36                 pmstokes_H8.500      -0.13     +0.33     +0.09     -0.67     -0.17     +0.04

sga_0.5                  jonswap_H0.270       -0.43     +0.41     +0.24     +0.76     +0.12     -0.31
sga_0.5                  jonswap_H1.500       -0.20     +0.20     +0.38     -0.55     -0.03     -0.14
sga_0.5                  jonswap_H4.000       -0.19     +0.05     -0.31     -0.69     -0.12     +0.09
sga_0.5                  jonswap_H8.500       -0.17     -0.16     -0.15     -0.39     -0.11     -0.05
sga_0.5                  pmstokes_H0.270      -0.35     -0.37     -0.31     +0.26     +0.06     -0.25
sga_0.5                  pmstokes_H1.500      -0.15     +0.07     +0.51     -1.05     -0.07     -0.33
sga_0.5                  pmstokes_H4.000      -0.21     -0.18     +0.07     -0.98     -0.15     -0.28
sga_0.5                  pmstokes_H8.500      -0.10     +0.21     +0.07     -0.58     -0.14     -0.01

sga_0.71                 jonswap_H0.270       -0.16     -0.09     +0.05     -0.11     +0.04     -0.26
sga_0.71                 jonswap_H1.500       -0.09     +0.03     +0.17     -0.46     -0.02     -0.10
sga_0.71                 jonswap_H4.000       -0.09     +0.02     -0.15     -0.48     -0.06     +0.03
sga_0.71                 jonswap_H8.500       -0.08     -0.15     -0.08     -0.27     -0.06     -0.07
sga_0.71                 pmstokes_H0.270      -0.13     -0.43     -0.17     -0.42     +0.00     -0.23
sga_0.71                 pmstokes_H1.500      -0.08     -0.01     +0.25     -0.77     -0.05     -0.19
sga_0.71                 pmstokes_H4.000      -0.11     -0.17     +0.03     -0.67     -0.08     -0.21
sga_0.71                 pmstokes_H8.500      -0.05     +0.08     +0.05     -0.39     -0.08     -0.04

sga_1.41                 jonswap_H0.270       +0.07     +0.45     +0.03     +2.48     +0.06     +0.37
sga_1.41                 jonswap_H1.500       +0.04     +0.16     -0.12     +1.49     +0.07     +0.17
sga_1.41                 jonswap_H4.000       +0.07     -0.00     +0.12     +1.15     +0.09     -0.01
sga_1.41                 jonswap_H8.500       +0.04     +0.37     +0.11     +0.62     +0.08     +0.22
sga_1.41                 pmstokes_H0.270      +0.05     +0.80     +0.19     +2.94     +0.11     +0.38
sga_1.41                 pmstokes_H1.500      +0.05     +0.19     -0.18     +1.98     +0.11     +0.25
sga_1.41                 pmstokes_H4.000      +0.08     +0.44     +0.04     +1.45     +0.12     +0.39
sga_1.41                 pmstokes_H8.500      +0.04     +0.08     -0.07     +0.85     +0.11     +0.19

sga_2                    jonswap_H0.270       +0.10     +0.84     +0.06     +9.07     +0.30     +0.68
sga_2                    jonswap_H1.500       +0.05     +0.42     -0.18     +5.25     +0.27     +0.37
sga_2                    jonswap_H4.000       +0.12     -0.06     +0.18     +3.83     +0.26     -0.04
sga_2                    jonswap_H8.500       +0.01     +0.96     +0.26     +2.06     +0.22     +0.60
sga_2                    pmstokes_H0.270      +0.05     +1.70     +0.38    +10.18     +0.43     +0.80
sga_2                    pmstokes_H1.500      +0.06     +0.58     -0.25     +6.45     +0.37     +0.54
sga_2                    pmstokes_H4.000      +0.12     +1.17     +0.17     +4.56     +0.33     +0.96
sga_2                    pmstokes_H8.500      +0.07     +0.34     -0.15     +2.74     +0.31     +0.55

sga_3                    jonswap_H0.270       +0.14     +0.80     +0.04    +23.85     +1.00     +0.80
sga_3                    jonswap_H1.500       +0.03     +0.52     -0.26    +14.59     +0.80     +0.50
sga_3                    jonswap_H4.000       +0.16     -0.51     +0.09    +10.60     +0.66     -0.35
sga_3                    jonswap_H8.500       -0.09     +1.70     +0.43     +6.03     +0.55     +1.09
sga_3                    pmstokes_H0.270      +0.06     +2.36     +0.50    +25.86     +1.26     +1.14
sga_3                    pmstokes_H1.500      +0.04     +1.13     -0.24    +16.84     +1.01     +0.87
sga_3                    pmstokes_H4.000      +0.10     +2.20     +0.41    +12.05     +0.82     +1.73
sga_3                    pmstokes_H8.500      +0.07     +0.79     -0.24     +7.59     +0.77     +1.07

sgg_0.02                 jonswap_H0.270      -12.00    -12.32     -0.02     -0.07    -37.40     -0.92
sgg_0.02                 jonswap_H1.500      -11.69    -11.03     +0.14     -0.91    -25.65     -0.71
sgg_0.02                 jonswap_H4.000      -12.57    -10.70     -1.11     -2.70    -27.45     +1.00
sgg_0.02                 jonswap_H8.500      -11.13    -14.72     -0.35     -3.89    -15.95     +1.36
sgg_0.02                 pmstokes_H0.270     -11.27    -11.97     +0.13     -0.30    -38.21     -1.02
sgg_0.02                 pmstokes_H1.500     -12.28    -12.88     -0.29     -0.61    -28.49     +0.09
sgg_0.02                 pmstokes_H4.000     -12.95    -18.07     -0.79     -2.43    -31.40     +0.73
sgg_0.02                 pmstokes_H8.500     -10.11    -22.85     -2.45     -4.45    -21.47     -1.94

sgg_0.035                jonswap_H0.270      -11.91    -12.05     -0.16     -0.07    -43.33     -0.62
sgg_0.035                jonswap_H1.500      -11.27    -10.33     +0.25     -0.91    -31.96     -0.29
sgg_0.035                jonswap_H4.000      -12.29    -10.20     -1.07     -2.70    -32.14     +1.06
sgg_0.035                jonswap_H8.500      -10.91    -14.50     -0.45     -3.89    -20.59     +1.22
sgg_0.035                pmstokes_H0.270     -11.30    -12.13     -0.22     -0.28    -44.13     -0.83
sgg_0.035                pmstokes_H1.500     -11.95    -12.54     -0.21     -0.60    -34.71     +0.22
sgg_0.035                pmstokes_H4.000     -12.67    -18.53     -0.90     -2.39    -36.36     +0.02
sgg_0.035                pmstokes_H8.500     -10.10    -22.84     -2.38     -4.43    -26.20     -2.49

sgg_0.056                jonswap_H0.270      -11.59    -11.81     -0.24     -0.06    -47.61     -0.38
sgg_0.056                jonswap_H1.500      -10.66     -9.56     +0.28     -0.90    -35.82     +0.12
sgg_0.056                jonswap_H4.000      -11.84     -9.85     -1.07     -2.70    -34.27     +0.87
sgg_0.056                jonswap_H8.500      -10.38    -14.35     -0.59     -3.89    -22.64     +0.92
sgg_0.056                pmstokes_H0.270     -11.11    -12.31     -0.48     -0.26    -48.40     -0.69
sgg_0.056                pmstokes_H1.500     -11.44    -12.12     -0.19     -0.59    -38.52     +0.30
sgg_0.056                pmstokes_H4.000     -12.14    -18.78     -1.03     -2.35    -38.64     -0.58
sgg_0.056                pmstokes_H8.500      -9.79    -22.54     -2.31     -4.40    -28.03     -2.96

sgg_0.1                  jonswap_H0.270      -10.93    -11.13     -0.25     -0.06    -48.85     -0.09
sgg_0.1                  jonswap_H1.500       -9.66     -8.65     +0.15     -0.90    -35.04     +0.40
sgg_0.1                  jonswap_H4.000      -11.03     -9.40     -1.21     -2.69    -32.04     +0.38
sgg_0.1                  jonswap_H8.500       -9.38    -14.03     -0.90     -3.89    -20.77     +0.45
sgg_0.1                  pmstokes_H0.270     -10.59    -11.95     -0.60     -0.25    -49.55     -0.45
sgg_0.1                  pmstokes_H1.500     -10.49    -11.33     -0.26     -0.58    -37.61     +0.31
sgg_0.1                  pmstokes_H4.000     -11.19    -18.01     -1.14     -2.32    -36.09     -0.91
sgg_0.1                  pmstokes_H8.500      -8.97    -20.59     -2.10     -4.38    -25.21     -3.03

sgg_0.18                 jonswap_H0.270      -10.03     -9.97     -0.22     -0.07    -43.16     +0.11
sgg_0.18                 jonswap_H1.500       -8.38     -7.72     -0.13     -0.90    -27.41     +0.39
sgg_0.18                 jonswap_H4.000       -9.92     -8.67     -1.44     -2.68    -25.56     -0.11
sgg_0.18                 jonswap_H8.500       -8.20    -13.22     -1.28     -3.84    -16.36     +0.07
sgg_0.18                 pmstokes_H0.270      -9.77    -10.66     -0.51     -0.25    -43.72     -0.16
sgg_0.18                 pmstokes_H1.500      -9.10    -10.03     -0.39     -0.58    -29.53     +0.26
sgg_0.18                 pmstokes_H4.000      -9.91    -15.70     -1.17     -2.32    -28.63     -0.74
sgg_0.18                 pmstokes_H8.500      -7.91    -16.33     -1.65     -4.29    -19.44     -2.36

sgg_0.32                 jonswap_H0.270       -8.59     -8.42     -0.19     -0.09    -30.70     +0.11
sgg_0.32                 jonswap_H1.500       -6.62     -6.49     -0.31     -0.88    -17.16     +0.24
sgg_0.32                 jonswap_H4.000       -8.16     -7.62     -1.46     -2.57    -18.30     -0.42
sgg_0.32                 jonswap_H8.500       -6.78    -11.62     -1.39     -3.59    -12.21     -0.17
sgg_0.32                 pmstokes_H0.270      -8.39     -8.80     -0.37     -0.25    -31.12     -0.02
sgg_0.32                 pmstokes_H1.500      -7.11     -8.18     -0.44     -0.58    -18.55     +0.17
sgg_0.32                 pmstokes_H4.000      -8.03    -12.43     -1.05     -2.26    -20.24     -0.43
sgg_0.32                 pmstokes_H8.500      -6.58    -11.43     -1.07     -3.95    -14.24     -1.41

sgg_0.56                 jonswap_H0.270       -5.65     -5.76     -0.14     -0.10    -15.09     +0.03
sgg_0.56                 jonswap_H1.500       -4.05     -4.46     -0.28     -0.75     -8.29     +0.08
sgg_0.56                 jonswap_H4.000       -5.27     -5.59     -1.08     -2.01    -10.65     -0.46
sgg_0.56                 jonswap_H8.500       -4.45     -8.17     -1.02     -2.65     -7.54     -0.24
sgg_0.56                 pmstokes_H0.270      -5.53     -5.88     -0.21     -0.23    -15.33     +0.00
sgg_0.56                 pmstokes_H1.500      -4.29     -5.42     -0.32     -0.52     -8.95     +0.07
sgg_0.56                 pmstokes_H4.000      -5.13     -8.16     -0.75     -1.83    -11.62     -0.22
sgg_0.56                 pmstokes_H8.500      -4.33     -6.84     -0.59     -2.87     -8.76     -0.61

sgg_2                    jonswap_H0.270      +10.93    +15.54     +0.45     +1.64    +15.39     +0.19
sgg_2                    jonswap_H1.500       +8.30    +13.09     +0.91     +3.82    +12.45     +0.11
sgg_2                    jonswap_H4.000      +11.95    +18.08     +3.39     +6.37    +19.45     +1.81
sgg_2                    jonswap_H8.500       +9.78    +22.38     +3.05     +7.01    +15.28     +1.07
sgg_2                    pmstokes_H0.270     +10.62    +14.85     +0.46     +2.02    +15.60     +0.05
sgg_2                    pmstokes_H1.500      +8.57    +14.41     +0.83     +3.00    +13.18     +0.03
sgg_2                    pmstokes_H4.000     +11.43    +22.87     +2.58     +6.15    +21.04     +0.52
sgg_2                    pmstokes_H8.500      +9.40    +17.94     +2.02     +7.23    +17.60     +0.55

sgm_0.25                 jonswap_H0.270      +26.36    +21.03     -0.32     +1.75    +52.39     +1.39
sgm_0.25                 jonswap_H1.500      +22.51    +15.41     -0.85     +4.66    +25.31     +1.46
sgm_0.25                 jonswap_H4.000      +28.12    +10.40     -1.12     +5.67    +13.15     -0.58
sgm_0.25                 jonswap_H8.500      +25.73    +16.94     -2.74     +4.93    +12.43     +1.08
sgm_0.25                 pmstokes_H0.270     +25.84    +22.20     -0.31     +2.57    +53.07     +1.37
sgm_0.25                 pmstokes_H1.500     +23.31    +18.92     -0.83     +4.86    +25.43     +1.26
sgm_0.25                 pmstokes_H4.000     +27.63    +17.24     -1.66     +7.93    +13.18     -0.38
sgm_0.25                 pmstokes_H8.500     +24.55    +14.30     -1.22     +7.97    +11.97     -0.09

sgm_0.5                  jonswap_H0.270      +10.70     +8.64     +0.00     +0.24    +22.71     +1.24
sgm_0.5                  jonswap_H1.500       +8.10     +5.78     +0.00     +1.32     +9.58     +1.16
sgm_0.5                  jonswap_H4.000      +10.48     +3.91     -0.02     +2.33     +4.50     +0.64
sgm_0.5                  jonswap_H8.500       +9.36     +6.71     -0.46     +2.24     +3.63     +0.98
sgm_0.5                  pmstokes_H0.270     +10.45     +9.06     +0.01     +0.37    +22.81     +1.18
sgm_0.5                  pmstokes_H1.500      +8.39     +7.26     +0.01     +1.08     +9.54     +1.16
sgm_0.5                  pmstokes_H4.000     +10.31     +5.90     -0.27     +2.78     +4.38     +0.38
sgm_0.5                  pmstokes_H8.500      +9.18     +5.35     -0.01     +3.23     +3.31     +0.28

sgm_2                    jonswap_H0.270       -8.64     -4.25     -0.07     +0.06    -11.12     -1.34
sgm_2                    jonswap_H1.500       -5.75     -2.16     -0.23     +0.02     -0.30     -1.65
sgm_2                    jonswap_H4.000       -6.17     -0.69     -0.40     -0.58     +1.92     -0.60
sgm_2                    jonswap_H8.500       -5.22     -2.78     -0.19     -0.49     +4.28     -0.75
sgm_2                    pmstokes_H0.270      -8.38     -4.31     -0.12     +0.07    -10.68     -1.35
sgm_2                    pmstokes_H1.500      -6.09     -2.85     -0.25     +0.20     +0.12     -1.53
sgm_2                    pmstokes_H4.000      -6.20     -0.98     -0.24     -0.11     +2.72     +0.10
sgm_2                    pmstokes_H8.500      -5.40     -1.21     -0.31     -0.65     +5.29     -0.98

sgm_4                    jonswap_H0.270      -10.34     -5.70     -0.09     +0.11    -11.23     -0.36
sgm_4                    jonswap_H1.500       -8.72     -1.28     -0.62     +0.28     +6.76     -1.96
sgm_4                    jonswap_H4.000       -7.21     +2.42     -1.32     -0.36     +9.73     +1.67
sgm_4                    jonswap_H8.500       -7.36     +0.89     -0.92     +0.00    +16.66     +1.61
sgm_4                    pmstokes_H0.270     -10.18     -5.69     -0.31     +0.12    -10.35     -0.54
sgm_4                    pmstokes_H1.500      -9.37     -1.43     -0.64     +0.45     +7.92     -1.16
sgm_4                    pmstokes_H4.000      -8.00     +4.18     -0.95     +0.50    +11.80     +4.53
sgm_4                    pmstokes_H8.500      -8.14     +3.29     -0.78     -0.21    +20.02     -1.37

sgm_8                    jonswap_H0.270       -3.60     -6.21     +0.09     +0.13     -9.54     +4.58
sgm_8                    jonswap_H1.500       -2.68     +0.05     -1.26     +0.47    +13.66     +0.66
sgm_8                    jonswap_H4.000       +4.93     +6.92     -3.66     -0.07    +18.45     +7.54
sgm_8                    jonswap_H8.500       +2.05     +9.89     -2.71     +0.46    +31.79     +7.90
sgm_8                    pmstokes_H0.270      -3.84     -6.19     -0.45     +0.15     -8.54     +4.12
sgm_8                    pmstokes_H1.500      -3.75     +0.70     -1.05     +0.59    +15.24     +2.65
sgm_8                    pmstokes_H4.000      +2.94    +12.21     -2.84     +1.05    +21.38    +14.02
sgm_8                    pmstokes_H8.500      -0.69    +11.02     -1.72     +0.31    +38.06     -0.13

pq0_5e-05                jonswap_H0.270       +0.00     +0.00     +0.00     +0.00     +0.00     +0.00
pq0_5e-05                jonswap_H1.500       +0.00     +0.00     +0.00     +0.00     +0.00     +0.00
pq0_5e-05                jonswap_H4.000       +0.00     +0.00     +0.00     +0.00     +0.00     +0.00
pq0_5e-05                jonswap_H8.500       +0.00     +0.00     +0.00     +0.00     +0.00     +0.00
pq0_5e-05                pmstokes_H0.270      +0.00     +0.00     +0.00     +0.00     +0.00     +0.00
pq0_5e-05                pmstokes_H1.500      +0.00     +0.00     +0.00     +0.00     +0.00     +0.00
pq0_5e-05                pmstokes_H4.000      +0.00     +0.00     +0.00     +0.00     +0.00     +0.00
pq0_5e-05                pmstokes_H8.500      +0.00     +0.00     +0.00     +0.00     +0.00     +0.00

pq0_0.005                jonswap_H0.270       +0.00     +0.00     +0.00     +0.00     +0.00     +0.00
pq0_0.005                jonswap_H1.500       +0.00     +0.00     +0.00     +0.00     +0.00     +0.00
pq0_0.005                jonswap_H4.000       +0.00     +0.00     +0.00     +0.00     +0.00     +0.00
pq0_0.005                jonswap_H8.500       +0.00     +0.00     +0.00     +0.00     +0.00     +0.00
pq0_0.005                pmstokes_H0.270      +0.00     +0.00     +0.00     +0.00     +0.00     +0.00
pq0_0.005                pmstokes_H1.500      +0.00     +0.00     +0.00     +0.00     +0.00     +0.00
pq0_0.005                pmstokes_H4.000      +0.00     +0.00     +0.00     +0.00     +0.00     +0.00
pq0_0.005                pmstokes_H8.500      +0.00     +0.00     +0.00     +0.00     +0.00     +0.00

pq0_0.05                 jonswap_H0.270       +0.00     +0.00     +0.00     +0.00     +0.00     +0.00
pq0_0.05                 jonswap_H1.500       +0.00     +0.00     +0.00     +0.00     +0.00     +0.00
pq0_0.05                 jonswap_H4.000       +0.00     +0.00     +0.00     +0.00     +0.00     +0.00
pq0_0.05                 jonswap_H8.500       +0.00     +0.00     +0.00     +0.00     +0.00     +0.00
pq0_0.05                 pmstokes_H0.270      +0.00     +0.00     +0.00     +0.00     +0.00     +0.00
pq0_0.05                 pmstokes_H1.500      +0.00     +0.00     +0.00     +0.00     +0.00     +0.00
pq0_0.05                 pmstokes_H4.000      +0.00     +0.00     +0.00     +0.00     +0.00     +0.00
pq0_0.05                 pmstokes_H8.500      +0.00     +0.00     +0.00     +0.00     +0.00     +0.00

pb0_1e-08                jonswap_H0.270       -0.13     -2.65     +0.86     -0.05     +0.44     -0.54
pb0_1e-08                jonswap_H1.500       -1.11     -3.40     +1.65     -0.02     +0.62     -0.92
pb0_1e-08                jonswap_H4.000       +1.74     -4.25     +3.90     -0.06     +0.87     -0.56
pb0_1e-08                jonswap_H8.500       +0.88     -5.22     +3.50     -0.08     +1.31     -1.11
pb0_1e-08                pmstokes_H0.270      -0.28     -2.65     +0.91     -0.04     +0.44     -0.56
pb0_1e-08                pmstokes_H1.500      -0.61     -3.28     +1.62     -0.04     +0.63     -0.84
pb0_1e-08                pmstokes_H4.000      +1.59     -4.46     +3.03     -0.09     +0.69     -0.77
pb0_1e-08                pmstokes_H8.500      -0.44     -9.22     +2.29     -0.12     +1.05     -1.72

pb0_1e-07                jonswap_H0.270       -0.06     -0.60     +0.20     -0.01     +0.01     -0.12
pb0_1e-07                jonswap_H1.500       -0.35     -0.81     +0.41     -0.00     -0.03     -0.22
pb0_1e-07                jonswap_H4.000       +0.42     -1.09     +1.07     -0.02     -0.00     -0.17
pb0_1e-07                jonswap_H8.500       +0.13     -1.55     +0.93     -0.02     +0.04     -0.32
pb0_1e-07                pmstokes_H0.270      -0.09     -0.60     +0.21     -0.01     +0.01     -0.12
pb0_1e-07                pmstokes_H1.500      -0.22     -0.79     +0.41     -0.01     -0.02     -0.20
pb0_1e-07                pmstokes_H4.000      +0.36     -1.16     +0.80     -0.02     -0.01     -0.20
pb0_1e-07                pmstokes_H8.500      -0.40     -2.85     +0.57     -0.03     -0.00     -0.52

pb0_1e-05                jonswap_H0.270       +0.01     +0.07     -0.02     +0.00     +0.00     +0.01
pb0_1e-05                jonswap_H1.500       +0.05     +0.09     -0.05     +0.00     +0.01     +0.03
pb0_1e-05                jonswap_H4.000       -0.06     +0.13     -0.17     +0.00     +0.02     +0.03
pb0_1e-05                jonswap_H8.500       +0.01     +0.48     -0.11     +0.00     +0.02     +0.04
pb0_1e-05                pmstokes_H0.270      +0.01     +0.07     -0.03     +0.00     +0.00     +0.01
pb0_1e-05                pmstokes_H1.500      +0.03     +0.10     -0.05     +0.00     +0.01     +0.02
pb0_1e-05                pmstokes_H4.000      -0.05     +0.17     -0.10     +0.00     +0.01     +0.02
pb0_1e-05                pmstokes_H8.500      +0.11     +0.81     +0.07     +0.01     +0.08     +0.09

pb0_0.0001               jonswap_H0.270       +0.01     +0.08     -0.03     +0.00     +0.00     +0.01
pb0_0.0001               jonswap_H1.500       +0.06     +0.08     -0.05     +0.00     +0.01     +0.03
pb0_0.0001               jonswap_H4.000       -0.06     +0.09     -0.21     +0.00     +0.02     +0.02
pb0_0.0001               jonswap_H8.500       +0.00     +0.52     -0.19     +0.00     +0.03     +0.05
pb0_0.0001               pmstokes_H0.270      +0.01     +0.07     -0.03     +0.00     +0.00     +0.01
pb0_0.0001               pmstokes_H1.500      +0.03     +0.11     -0.06     +0.00     +0.01     +0.03
pb0_0.0001               pmstokes_H4.000      -0.06     +0.17     -0.10     +0.00     +0.01     +0.03
pb0_0.0001               pmstokes_H8.500      +0.15     +0.92     +0.06     +0.01     +0.09     +0.10

brw_1e-13                jonswap_H0.270       +0.02     +0.15     -0.00     +0.00     +0.01     +0.01
brw_1e-13                jonswap_H1.500       -0.01     +0.18     -0.02     +0.00     +0.02     +0.01
brw_1e-13                jonswap_H4.000       -0.04     +0.15     -0.08     +0.00     +0.00     +0.01
brw_1e-13                jonswap_H8.500       -0.04     +0.23     -0.05     +0.00     +0.01     +0.02
brw_1e-13                pmstokes_H0.270      +0.01     +0.16     -0.01     +0.00     +0.01     +0.01
brw_1e-13                pmstokes_H1.500      -0.00     +0.19     -0.02     +0.00     +0.02     +0.01
brw_1e-13                pmstokes_H4.000      -0.05     +0.24     -0.05     +0.00     +0.00     +0.01
brw_1e-13                pmstokes_H8.500      -0.03     +0.36     -0.02     +0.00     +0.02     +0.02

brw_1e-12                jonswap_H0.270       +0.01     +0.14     -0.00     +0.00     +0.01     +0.01
brw_1e-12                jonswap_H1.500       -0.01     +0.17     -0.01     +0.00     +0.02     +0.01
brw_1e-12                jonswap_H4.000       -0.03     +0.13     -0.07     +0.00     +0.00     +0.01
brw_1e-12                jonswap_H8.500       -0.04     +0.20     -0.05     +0.00     +0.01     +0.01
brw_1e-12                pmstokes_H0.270      +0.01     +0.14     -0.00     +0.00     +0.01     +0.01
brw_1e-12                pmstokes_H1.500      -0.00     +0.17     -0.01     +0.00     +0.01     +0.01
brw_1e-12                pmstokes_H4.000      -0.04     +0.22     -0.04     +0.00     +0.00     +0.01
brw_1e-12                pmstokes_H8.500      -0.03     +0.32     -0.01     +0.00     +0.02     +0.02

brw_1e-10                jonswap_H0.270       -0.07     -0.72     +0.01     -0.00     -0.01     -0.03
brw_1e-10                jonswap_H1.500       +0.07     -0.87     +0.09     -0.00     -0.04     -0.04
brw_1e-10                jonswap_H4.000       +0.22     -0.73     +0.42     +0.00     +0.06     -0.05
brw_1e-10                jonswap_H8.500       +0.25     -1.09     +0.30     -0.01     +0.01     -0.09
brw_1e-10                pmstokes_H0.270      -0.04     -0.75     +0.02     -0.00     -0.01     -0.03
brw_1e-10                pmstokes_H1.500      +0.02     -0.88     +0.09     -0.01     -0.03     -0.04
brw_1e-10                pmstokes_H4.000      +0.26     -1.18     +0.25     -0.00     +0.05     -0.08
brw_1e-10                pmstokes_H8.500      +0.17     -1.92     +0.09     -0.02     -0.03     -0.11

brw_1e-09                jonswap_H0.270       -0.15     -1.56     +0.01     -0.00     +0.22     -0.07
brw_1e-09                jonswap_H1.500       +0.22     -1.81     +0.28     -0.01     +0.24     -0.10
brw_1e-09                jonswap_H4.000       +0.66     -1.38     +1.16     +0.00     +0.71     -0.11
brw_1e-09                jonswap_H8.500       +0.70     -2.06     +0.88     -0.01     +0.60     -0.25
brw_1e-09                pmstokes_H0.270      -0.09     -1.62     +0.05     -0.00     +0.21     -0.08
brw_1e-09                pmstokes_H1.500      +0.11     -1.83     +0.25     -0.02     +0.26     -0.10
brw_1e-09                pmstokes_H4.000      +0.65     -2.39     +0.69     -0.01     +0.75     -0.24
brw_1e-09                pmstokes_H8.500      +0.37     -4.86     +0.21     -0.05     +0.48     -0.35

brw_1e-08                jonswap_H0.270       +0.18     -1.39     +0.05     -0.01     +1.19     -0.08
brw_1e-08                jonswap_H1.500       +0.67     -1.33     +0.44     -0.01     +1.48     -0.12
brw_1e-08                jonswap_H4.000       +1.40     +0.16     +1.75     +0.01     +3.30     -0.04
brw_1e-08                jonswap_H8.500       +1.34     +0.09     +1.42     +0.00     +3.07     -0.27
brw_1e-08                pmstokes_H0.270      +0.25     -1.44     +0.13     -0.00     +1.16     -0.09
brw_1e-08                pmstokes_H1.500      +0.57     -1.17     +0.41     -0.02     +1.54     -0.13
brw_1e-08                pmstokes_H4.000      +1.36     -0.36     +1.15     +0.00     +3.45     -0.32
brw_1e-08                pmstokes_H8.500      +0.87     -3.87     +0.51     -0.02     +3.12     -0.45

rs0_0.015                jonswap_H0.270       +0.00     +0.00     +0.00     +0.00     +0.00     +0.00
rs0_0.015                jonswap_H1.500       +0.00     +0.00     +0.00     +0.00     +0.00     +0.00
rs0_0.015                jonswap_H4.000       +0.00     +0.00     +0.00     +0.00     +0.00     +0.00
rs0_0.015                jonswap_H8.500       +0.00     +0.00     +0.00     +0.00     +0.00     +0.00
rs0_0.015                pmstokes_H0.270      +0.00     +0.00     +0.00     +0.00     +0.00     +0.00
rs0_0.015                pmstokes_H1.500      +0.00     +0.00     +0.00     +0.00     +0.00     +0.00
rs0_0.015                pmstokes_H4.000      +0.00     +0.00     +0.00     +0.00     +0.00     +0.00
rs0_0.015                pmstokes_H8.500      +0.00     +0.00     +0.00     +0.00     +0.00     +0.00

rs0_0.15                 jonswap_H0.270       +0.00     +0.00     +0.00     +0.00     +0.00     +0.00
rs0_0.15                 jonswap_H1.500       +0.00     +0.00     +0.00     +0.00     +0.00     +0.00
rs0_0.15                 jonswap_H4.000       +0.00     +0.00     +0.00     +0.00     +0.00     +0.00
rs0_0.15                 jonswap_H8.500       +0.00     +0.00     +0.00     +0.00     +0.00     +0.00
rs0_0.15                 pmstokes_H0.270      +0.00     +0.00     +0.00     +0.00     +0.00     +0.00
rs0_0.15                 pmstokes_H1.500      +0.00     +0.00     +0.00     +0.00     +0.00     +0.00
rs0_0.15                 pmstokes_H4.000      +0.00     +0.00     +0.00     +0.00     +0.00     +0.00
rs0_0.15                 pmstokes_H8.500      +0.00     +0.00     +0.00     +0.00     +0.00     +0.00

rs0_15                   jonswap_H0.270       +0.00     +0.00     +0.00     +0.00     +0.00     +0.00
rs0_15                   jonswap_H1.500       +0.00     +0.00     +0.00     +0.00     +0.00     +0.00
rs0_15                   jonswap_H4.000       +0.00     +0.00     +0.00     +0.00     +0.00     +0.00
rs0_15                   jonswap_H8.500       +0.00     +0.00     +0.00     +0.00     +0.00     +0.00
rs0_15                   pmstokes_H0.270      +0.00     +0.00     +0.00     +0.00     +0.00     +0.00
rs0_15                   pmstokes_H1.500      +0.00     +0.00     +0.00     +0.00     +0.00     +0.00
rs0_15                   pmstokes_H4.000      +0.00     +0.00     +0.00     +0.00     +0.00     +0.00
rs0_15                   pmstokes_H8.500      +0.00     +0.00     +0.00     +0.00     +0.00     +0.00

rs0_150                  jonswap_H0.270       +0.00     +0.00     +0.00     +0.00     +0.00     +0.00
rs0_150                  jonswap_H1.500       +0.00     +0.00     +0.00     +0.00     +0.00     +0.00
rs0_150                  jonswap_H4.000       +0.00     +0.00     +0.00     +0.00     +0.00     +0.00
rs0_150                  jonswap_H8.500       +0.00     +0.00     +0.00     +0.00     +0.00     +0.00
rs0_150                  pmstokes_H0.270      +0.00     +0.00     +0.00     +0.00     +0.00     +0.00
rs0_150                  pmstokes_H1.500      +0.00     +0.00     +0.00     +0.00     +0.00     +0.00
rs0_150                  pmstokes_H4.000      +0.00     +0.00     +0.00     +0.00     +0.00     +0.00
rs0_150                  pmstokes_H8.500      +0.00     +0.00     +0.00     +0.00     +0.00     +0.00

deterministic quality gate FAIL on 288 (arm, record) pairs, off-default seeds included:
  brw_1e-08                jonswap_H0.270
  brw_1e-08                jonswap_H1.500
  brw_1e-08                jonswap_H4.000
  brw_1e-08                jonswap_H8.500
  brw_1e-08                pmstokes_H0.270
  brw_1e-08                pmstokes_H1.500
  brw_1e-08                pmstokes_H4.000
  brw_1e-08                pmstokes_H8.500
  brw_1e-09                jonswap_H0.270
  brw_1e-09                jonswap_H1.500
  brw_1e-09                jonswap_H4.000
  brw_1e-09                jonswap_H8.500
  brw_1e-09                pmstokes_H0.270
  brw_1e-09                pmstokes_H1.500
  brw_1e-09                pmstokes_H4.000
  brw_1e-09                pmstokes_H8.500
  brw_1e-10                jonswap_H0.270
  brw_1e-10                jonswap_H1.500
  brw_1e-10                jonswap_H4.000
  brw_1e-10                jonswap_H8.500
  brw_1e-10                pmstokes_H0.270
  brw_1e-10                pmstokes_H1.500
  brw_1e-10                pmstokes_H4.000
  brw_1e-10                pmstokes_H8.500
  brw_1e-12                jonswap_H0.270
  brw_1e-12                jonswap_H1.500
  brw_1e-12                jonswap_H4.000
  brw_1e-12                jonswap_H8.500
  brw_1e-12                pmstokes_H0.270
  brw_1e-12                pmstokes_H1.500
  brw_1e-12                pmstokes_H4.000
  brw_1e-12                pmstokes_H8.500
  brw_1e-13                jonswap_H0.270
  brw_1e-13                jonswap_H1.500
  brw_1e-13                jonswap_H4.000
  brw_1e-13                jonswap_H8.500
  brw_1e-13                pmstokes_H0.270
  brw_1e-13                pmstokes_H1.500
  brw_1e-13                pmstokes_H4.000
  brw_1e-13                pmstokes_H8.500
  deployed                 jonswap_H0.270
  deployed                 jonswap_H1.500
  deployed                 jonswap_H4.000
  deployed                 jonswap_H8.500
  deployed                 pmstokes_H0.270
  deployed                 pmstokes_H1.500
  deployed                 pmstokes_H4.000
  deployed                 pmstokes_H8.500
  pb0_0.0001               jonswap_H0.270
  pb0_0.0001               jonswap_H1.500
  pb0_0.0001               jonswap_H4.000
  pb0_0.0001               jonswap_H8.500
  pb0_0.0001               pmstokes_H0.270
  pb0_0.0001               pmstokes_H1.500
  pb0_0.0001               pmstokes_H4.000
  pb0_0.0001               pmstokes_H8.500
  pb0_1e-05                jonswap_H0.270
  pb0_1e-05                jonswap_H1.500
  pb0_1e-05                jonswap_H4.000
  pb0_1e-05                jonswap_H8.500
  pb0_1e-05                pmstokes_H0.270
  pb0_1e-05                pmstokes_H1.500
  pb0_1e-05                pmstokes_H4.000
  pb0_1e-05                pmstokes_H8.500
  pb0_1e-07                jonswap_H0.270
  pb0_1e-07                jonswap_H1.500
  pb0_1e-07                jonswap_H4.000
  pb0_1e-07                jonswap_H8.500
  pb0_1e-07                pmstokes_H0.270
  pb0_1e-07                pmstokes_H1.500
  pb0_1e-07                pmstokes_H4.000
  pb0_1e-07                pmstokes_H8.500
  pb0_1e-08                jonswap_H0.270
  pb0_1e-08                jonswap_H1.500
  pb0_1e-08                jonswap_H4.000
  pb0_1e-08                jonswap_H8.500
  pb0_1e-08                pmstokes_H0.270
  pb0_1e-08                pmstokes_H1.500
  pb0_1e-08                pmstokes_H4.000
  pb0_1e-08                pmstokes_H8.500
  pq0_0.005                jonswap_H0.270
  pq0_0.005                jonswap_H1.500
  pq0_0.005                jonswap_H4.000
  pq0_0.005                jonswap_H8.500
  pq0_0.005                pmstokes_H0.270
  pq0_0.005                pmstokes_H1.500
  pq0_0.005                pmstokes_H4.000
  pq0_0.005                pmstokes_H8.500
  pq0_0.05                 jonswap_H0.270
  pq0_0.05                 jonswap_H1.500
  pq0_0.05                 jonswap_H4.000
  pq0_0.05                 jonswap_H8.500
  pq0_0.05                 pmstokes_H0.270
  pq0_0.05                 pmstokes_H1.500
  pq0_0.05                 pmstokes_H4.000
  pq0_0.05                 pmstokes_H8.500
  pq0_5e-05                jonswap_H0.270
  pq0_5e-05                jonswap_H1.500
  pq0_5e-05                jonswap_H4.000
  pq0_5e-05                jonswap_H8.500
  pq0_5e-05                pmstokes_H0.270
  pq0_5e-05                pmstokes_H1.500
  pq0_5e-05                pmstokes_H4.000
  pq0_5e-05                pmstokes_H8.500
  rs0_0.015                jonswap_H0.270
  rs0_0.015                jonswap_H1.500
  rs0_0.015                jonswap_H4.000
  rs0_0.015                jonswap_H8.500
  rs0_0.015                pmstokes_H0.270
  rs0_0.015                pmstokes_H1.500
  rs0_0.015                pmstokes_H4.000
  rs0_0.015                pmstokes_H8.500
  rs0_0.15                 jonswap_H0.270
  rs0_0.15                 jonswap_H1.500
  rs0_0.15                 jonswap_H4.000
  rs0_0.15                 jonswap_H8.500
  rs0_0.15                 pmstokes_H0.270
  rs0_0.15                 pmstokes_H1.500
  rs0_0.15                 pmstokes_H4.000
  rs0_0.15                 pmstokes_H8.500
  rs0_15                   jonswap_H0.270
  rs0_15                   jonswap_H1.500
  rs0_15                   jonswap_H4.000
  rs0_15                   jonswap_H8.500
  rs0_15                   pmstokes_H0.270
  rs0_15                   pmstokes_H1.500
  rs0_15                   pmstokes_H4.000
  rs0_15                   pmstokes_H8.500
  rs0_150                  jonswap_H0.270
  rs0_150                  jonswap_H1.500
  rs0_150                  jonswap_H4.000
  rs0_150                  jonswap_H8.500
  rs0_150                  pmstokes_H0.270
  rs0_150                  pmstokes_H1.500
  rs0_150                  pmstokes_H4.000
  rs0_150                  pmstokes_H8.500
  sga_0.36                 jonswap_H0.270
  sga_0.36                 jonswap_H1.500
  sga_0.36                 jonswap_H4.000
  sga_0.36                 jonswap_H8.500
  sga_0.36                 pmstokes_H0.270
  sga_0.36                 pmstokes_H1.500
  sga_0.36                 pmstokes_H4.000
  sga_0.36                 pmstokes_H8.500
  sga_0.5                  jonswap_H0.270
  sga_0.5                  jonswap_H1.500
  sga_0.5                  jonswap_H4.000
  sga_0.5                  jonswap_H8.500
  sga_0.5                  pmstokes_H0.270
  sga_0.5                  pmstokes_H1.500
  sga_0.5                  pmstokes_H4.000
  sga_0.5                  pmstokes_H8.500
  sga_0.71                 jonswap_H0.270
  sga_0.71                 jonswap_H1.500
  sga_0.71                 jonswap_H4.000
  sga_0.71                 jonswap_H8.500
  sga_0.71                 pmstokes_H0.270
  sga_0.71                 pmstokes_H1.500
  sga_0.71                 pmstokes_H4.000
  sga_0.71                 pmstokes_H8.500
  sga_1.41                 jonswap_H0.270
  sga_1.41                 jonswap_H1.500
  sga_1.41                 jonswap_H4.000
  sga_1.41                 jonswap_H8.500
  sga_1.41                 pmstokes_H0.270
  sga_1.41                 pmstokes_H1.500
  sga_1.41                 pmstokes_H4.000
  sga_1.41                 pmstokes_H8.500
  sga_2                    jonswap_H0.270
  sga_2                    jonswap_H1.500
  sga_2                    jonswap_H4.000
  sga_2                    jonswap_H8.500
  sga_2                    pmstokes_H0.270
  sga_2                    pmstokes_H1.500
  sga_2                    pmstokes_H4.000
  sga_2                    pmstokes_H8.500
  sga_3                    jonswap_H0.270
  sga_3                    jonswap_H1.500
  sga_3                    jonswap_H4.000
  sga_3                    jonswap_H8.500
  sga_3                    pmstokes_H0.270
  sga_3                    pmstokes_H1.500
  sga_3                    pmstokes_H4.000
  sga_3                    pmstokes_H8.500
  sgg_0.02                 jonswap_H0.270
  sgg_0.02                 jonswap_H1.500
  sgg_0.02                 jonswap_H4.000
  sgg_0.02                 jonswap_H8.500
  sgg_0.02                 pmstokes_H0.270
  sgg_0.02                 pmstokes_H1.500
  sgg_0.02                 pmstokes_H4.000
  sgg_0.02                 pmstokes_H8.500
  sgg_0.035                jonswap_H0.270
  sgg_0.035                jonswap_H1.500
  sgg_0.035                jonswap_H4.000
  sgg_0.035                jonswap_H8.500
  sgg_0.035                pmstokes_H0.270
  sgg_0.035                pmstokes_H1.500
  sgg_0.035                pmstokes_H4.000
  sgg_0.035                pmstokes_H8.500
  sgg_0.056                jonswap_H0.270
  sgg_0.056                jonswap_H1.500
  sgg_0.056                jonswap_H4.000
  sgg_0.056                jonswap_H8.500
  sgg_0.056                pmstokes_H0.270
  sgg_0.056                pmstokes_H1.500
  sgg_0.056                pmstokes_H4.000
  sgg_0.056                pmstokes_H8.500
  sgg_0.1                  jonswap_H0.270
  sgg_0.1                  jonswap_H1.500
  sgg_0.1                  jonswap_H4.000
  sgg_0.1                  jonswap_H8.500
  sgg_0.1                  pmstokes_H0.270
  sgg_0.1                  pmstokes_H1.500
  sgg_0.1                  pmstokes_H4.000
  sgg_0.1                  pmstokes_H8.500
  sgg_0.18                 jonswap_H0.270
  sgg_0.18                 jonswap_H1.500
  sgg_0.18                 jonswap_H4.000
  sgg_0.18                 jonswap_H8.500
  sgg_0.18                 pmstokes_H0.270
  sgg_0.18                 pmstokes_H1.500
  sgg_0.18                 pmstokes_H4.000
  sgg_0.18                 pmstokes_H8.500
  sgg_0.32                 jonswap_H0.270
  sgg_0.32                 jonswap_H1.500
  sgg_0.32                 jonswap_H4.000
  sgg_0.32                 jonswap_H8.500
  sgg_0.32                 pmstokes_H0.270
  sgg_0.32                 pmstokes_H1.500
  sgg_0.32                 pmstokes_H4.000
  sgg_0.32                 pmstokes_H8.500
  sgg_0.56                 jonswap_H0.270
  sgg_0.56                 jonswap_H1.500
  sgg_0.56                 jonswap_H4.000
  sgg_0.56                 jonswap_H8.500
  sgg_0.56                 pmstokes_H0.270
  sgg_0.56                 pmstokes_H1.500
  sgg_0.56                 pmstokes_H4.000
  sgg_0.56                 pmstokes_H8.500
  sgg_2                    jonswap_H0.270
  sgg_2                    jonswap_H1.500
  sgg_2                    jonswap_H4.000
  sgg_2                    jonswap_H8.500
  sgg_2                    pmstokes_H0.270
  sgg_2                    pmstokes_H1.500
  sgg_2                    pmstokes_H4.000
  sgg_2                    pmstokes_H8.500
  sgm_0.25                 jonswap_H0.270
  sgm_0.25                 jonswap_H1.500
  sgm_0.25                 jonswap_H4.000
  sgm_0.25                 jonswap_H8.500
  sgm_0.25                 pmstokes_H0.270
  sgm_0.25                 pmstokes_H1.500
  sgm_0.25                 pmstokes_H4.000
  sgm_0.25                 pmstokes_H8.500
  sgm_0.5                  jonswap_H0.270
  sgm_0.5                  jonswap_H1.500
  sgm_0.5                  jonswap_H4.000
  sgm_0.5                  jonswap_H8.500
  sgm_0.5                  pmstokes_H0.270
  sgm_0.5                  pmstokes_H1.500
  sgm_0.5                  pmstokes_H4.000
  sgm_0.5                  pmstokes_H8.500
  sgm_2                    jonswap_H0.270
  sgm_2                    jonswap_H1.500
  sgm_2                    jonswap_H4.000
  sgm_2                    jonswap_H8.500
  sgm_2                    pmstokes_H0.270
  sgm_2                    pmstokes_H1.500
  sgm_2                    pmstokes_H4.000
  sgm_2                    pmstokes_H8.500
  sgm_4                    jonswap_H0.270
  sgm_4                    jonswap_H1.500
  sgm_4                    jonswap_H4.000
  sgm_4                    jonswap_H8.500
  sgm_4                    pmstokes_H0.270
  sgm_4                    pmstokes_H1.500
  sgm_4                    pmstokes_H4.000
  sgm_4                    pmstokes_H8.500
  sgm_8                    jonswap_H0.270
  sgm_8                    jonswap_H1.500
  sgm_8                    jonswap_H4.000
  sgm_8                    jonswap_H8.500
  sgm_8                    pmstokes_H0.270
  sgm_8                    pmstokes_H1.500
  sgm_8                    pmstokes_H4.000
  sgm_8                    pmstokes_H8.500
