Paired per-(record, seed) change against the deployed variances, percent (negative is better).
Bracketed range is over records and seeds; * marks one sign on every pair.

arm                                         roll                   pitch                     yaw                       z                      3d                 accbias
------------------------------------------------------------------------------------------------------------------------------------------------------------------------
sga_0.36                   -0.19 [  -1.5,  +0.5]    +0.19 [  -4.5,  +5.7]    +0.15 [  -1.6,  +2.3]    -0.78 [  -2.9,  +2.0]    -0.13 [  -0.4,  +0.2]    +0.18 [  -3.8,  +2.6] 
sga_0.5                    -0.14 [  -0.9,  +0.5]    +0.12 [  -3.4,  +3.3]    +0.11 [  -1.4,  +1.7]    -0.72 [  -2.6,  +1.4]    -0.12 [  -0.4,  +0.1]    +0.15 [  -2.7,  +2.1] 
sga_0.71                   -0.07 [  -0.6,  +0.3]    +0.06 [  -1.8,  +1.7]    +0.07 [  -0.8,  +0.9]    -0.53 [  -1.8,  +0.5]    -0.08 [  -0.3,  +0.0]    +0.09 [  -1.4,  +1.3] 
sga_1.41                   +0.07 [  -0.6,  +1.1]    -0.08 [  -2.1,  +2.0]    -0.10 [  -1.1,  +1.3]    +1.31 [  -0.0,  +3.9]    +0.19 [  -0.0,  +0.6]    -0.18 [  -2.1,  +1.5] 
sga_2                      +0.15 [  -1.6,  +2.9]    -0.24 [  -5.5,  +5.2]    -0.25 [  -2.9,  +3.2]    +4.14 [  +0.8, +11.5]*   +0.59 [  -0.1,  +1.7]    -0.51 [  -5.2,  +3.2] 
sga_3                      +0.27 [  -3.5,  +6.2]    -0.70 [ -11.5, +12.0]    -0.55 [  -6.1,  +6.8]   +10.60 [  +3.6, +26.7]*   +1.57 [  +0.1,  +4.1]*   -1.22 [ -10.9,  +5.8] 
sgg_0.02                  -11.39 [ -26.5,  +5.5]   -11.51 [ -37.2,  +4.7]    -0.78 [  -6.1,  +3.1]    -0.92 [  -4.4,  +0.9]   -13.28 [ -23.4,  +2.9]    +0.05 [ -13.0,  +8.0] 
sgg_0.035                 -11.18 [ -25.7,  +5.2]   -11.42 [ -37.9,  +4.5]    -0.79 [  -6.2,  +3.4]    -0.92 [  -4.3,  +0.9]   -19.20 [ -28.1,  -2.2]*   +0.03 [ -14.5,  +8.0] 
sgg_0.056                 -10.79 [ -24.7,  +4.6]   -11.28 [ -37.6,  +4.9]    -0.82 [  -6.1,  +3.4]    -0.91 [  -4.2,  +0.8]   -22.55 [ -31.3,  -6.3]*   -0.03 [ -15.5,  +7.8] 
sgg_0.1                   -10.07 [ -23.5,  +3.1]   -10.66 [ -33.9,  +5.6]    -0.90 [  -5.3,  +2.7]    -0.90 [  -4.2,  +0.7]   -22.42 [ -31.6,  -9.3]*   -0.06 [ -14.7,  +6.9] 
sgg_0.18                   -9.10 [ -22.4,  +1.6]    -9.37 [ -30.6,  +5.9]    -0.95 [  -4.2,  +1.6]    -0.90 [  -4.0,  +0.6]   -18.72 [ -26.1, -10.3]*   +0.01 [ -10.6,  +4.9] 
sgg_0.32                   -7.60 [ -19.6,  +0.0]    -7.71 [ -26.9,  +4.3]    -0.87 [  -3.5,  +1.2]    -0.87 [  -3.6,  +0.5]   -13.52 [ -17.7,  -9.2]*   +0.05 [  -5.6,  +2.6] 
sgg_0.56                   -4.93 [ -13.2,  -0.6]*   -5.31 [ -18.3,  +1.1]    -0.60 [  -2.2,  +0.6]    -0.69 [  -2.4,  +0.3]    -7.47 [  -9.5,  -5.3]*   +0.03 [  -2.1,  +1.0] 
sgg_2                     +10.54 [  +3.4, +27.9]*  +16.42 [  +2.5, +50.3]*   +1.82 [  -0.3,  +6.9]    +2.67 [  +0.1,  +6.3]*  +10.86 [  +8.2, +14.2]*   +0.03 [  -1.2,  +2.2] 
sgm_0.25                  +26.96 [  +7.8, +56.8]*  +12.21 [  -6.5, +32.2]    -1.09 [  -6.2,  +2.9]    +1.17 [  -0.9,  +4.6]   +23.62 [  +9.6, +48.7]*   +0.27 [  -8.8, +10.9] 
sgm_0.5                   +10.28 [  +2.0, +23.2]*   +3.99 [  -1.9, +11.3]    -0.11 [  -0.9,  +1.0]    +0.22 [  -1.0,  +1.7]    +7.56 [  +3.2, +13.3]*   +0.84 [  -3.1,  +7.4] 
sgm_2                      -5.12 [ -18.7,  +8.0]    +1.73 [  -2.8,  +9.3]    -0.23 [  -1.1,  +0.6]    +0.33 [  -0.7,  +1.8]    +1.92 [  -1.2,  +4.5]    -1.24 [ -14.4,  +3.9] 
sgm_4                      +0.74 [ -36.0, +40.9]    +8.86 [  -7.0, +34.4]    -0.76 [  -4.2,  +2.7]    +0.78 [  -1.5,  +3.5]    +8.44 [  +2.9, +15.6]*   -0.52 [ -37.8, +18.2] 
sgm_8                     +19.06 [ -47.9,+136.0]   +16.27 [ -12.0, +64.0]    -1.76 [ -11.1,  +8.2]    +1.06 [  -2.9,  +4.3]   +13.93 [  +4.3, +26.5]*   +4.42 [ -37.9, +54.2] 
pq0_5e-05                  +0.00 [  +0.0,  +0.0]    +0.00 [  +0.0,  +0.0]    +0.00 [  +0.0,  +0.0]    +0.00 [  +0.0,  +0.0]    +0.00 [  +0.0,  +0.0]    +0.00 [  +0.0,  +0.0] 
pq0_0.005                  +0.00 [  +0.0,  +0.0]    +0.00 [  +0.0,  +0.0]    +0.00 [  +0.0,  +0.0]    +0.00 [  +0.0,  +0.0]    +0.00 [  +0.0,  +0.0]    +0.00 [  +0.0,  +0.0] 
pq0_0.05                   +0.00 [  +0.0,  +0.0]    +0.00 [  +0.0,  +0.0]    +0.00 [  +0.0,  +0.0]    +0.00 [  +0.0,  +0.0]    +0.00 [  +0.0,  +0.0]    +0.00 [  +0.0,  +0.0] 
pb0_1e-08                  +0.31 [ -11.2,  +7.5]    -4.26 [ -32.2, +10.7]    +1.65 [  -4.4, +13.6]    -0.10 [  -0.6,  +0.1]    +0.23 [  -0.4,  +3.6]    -0.57 [  -4.7,  +1.7] 
pb0_1e-07                  +0.02 [  -3.3,  +1.6]    -1.24 [ -12.0,  +2.9]    +0.43 [  -1.5,  +3.4]    -0.02 [  -0.2,  +0.0]    +0.01 [  -0.2,  +0.7]    -0.15 [  -1.2,  +0.4] 
pb0_1e-05                  +0.00 [  -0.3,  +0.6]    +0.20 [  -0.5,  +2.3]    -0.06 [  -0.5,  +0.5]    +0.00 [  -0.0,  +0.0]    -0.00 [  -0.1,  +0.0]    +0.02 [  -0.1,  +0.2] 
pb0_0.0001                 +0.00 [  -0.3,  +0.7]    +0.22 [  -0.5,  +2.7]    -0.07 [  -0.6,  +0.4]    +0.00 [  -0.0,  +0.0]    -0.00 [  -0.1,  +0.0]    +0.02 [  -0.1,  +0.2] 
brw_1e-13                  -0.01 [  -0.2,  +0.1]    +0.15 [  -0.2,  +0.7]    -0.02 [  -0.3,  +0.3]    -0.00 [  -0.0,  +0.0]    -0.01 [  -0.0,  +0.0]    +0.01 [  -0.0,  +0.1] 
brw_1e-12                  -0.01 [  -0.2,  +0.1]    +0.14 [  -0.2,  +0.6]    -0.02 [  -0.2,  +0.2]    -0.00 [  -0.0,  +0.0]    -0.01 [  -0.0,  +0.0]    +0.01 [  -0.0,  +0.0] 
brw_1e-10                  +0.06 [  -0.8,  +0.9]    -0.75 [  -3.6,  +1.0]    +0.12 [  -1.4,  +1.5]    +0.00 [  -0.0,  +0.1]    +0.06 [  -0.1,  +0.2]    -0.04 [  -0.3,  +0.1] 
brw_1e-09                  +0.16 [  -2.2,  +2.2]    -1.54 [  -9.1,  +2.9]    +0.36 [  -3.6,  +4.1]    +0.01 [  -0.1,  +0.2]    +0.45 [  +0.1,  +1.0]*   -0.11 [  -1.0,  +0.4] 
brw_1e-08                  +0.66 [  -2.7,  +3.4]    -0.23 [  -6.9,  +8.9]    +0.64 [  -4.0,  +5.7]    +0.04 [  -0.1,  +0.3]    +1.77 [  +0.7,  +3.0]*   -0.14 [  -1.3,  +0.5] 
rp0_0.015                  +0.00 [  +0.0,  +0.0]    +0.00 [  +0.0,  +0.0]    +0.00 [  +0.0,  +0.0]    +0.00 [  +0.0,  +0.0]    +0.00 [  +0.0,  +0.0]    +0.00 [  +0.0,  +0.0] 
rp0_0.15                   +0.00 [  +0.0,  +0.0]    +0.00 [  +0.0,  +0.0]    +0.00 [  +0.0,  +0.0]    +0.00 [  +0.0,  +0.0]    +0.00 [  +0.0,  +0.0]    +0.00 [  +0.0,  +0.0] 
rp0_15                     +0.00 [  +0.0,  +0.0]    +0.00 [  +0.0,  +0.0]    +0.00 [  +0.0,  +0.0]    +0.00 [  +0.0,  +0.0]    +0.00 [  +0.0,  +0.0]    +0.00 [  +0.0,  +0.0] 
rp0_150                    +0.00 [  +0.0,  +0.0]    +0.00 [  +0.0,  +0.0]    +0.00 [  +0.0,  +0.0]    +0.00 [  +0.0,  +0.0]    +0.00 [  +0.0,  +0.0]    +0.00 [  +0.0,  +0.0] 
rv0_0.003                  +0.00 [  +0.0,  +0.0]    +0.00 [  +0.0,  +0.0]    +0.00 [  +0.0,  +0.0]    +0.00 [  +0.0,  +0.0]    +0.00 [  +0.0,  +0.0]    +0.00 [  +0.0,  +0.0] 
rv0_0.03                   +0.00 [  +0.0,  +0.0]    +0.00 [  +0.0,  +0.0]    +0.00 [  +0.0,  +0.0]    +0.00 [  +0.0,  +0.0]    +0.00 [  +0.0,  +0.0]    +0.00 [  +0.0,  +0.0] 
rv0_3                      +0.00 [  +0.0,  +0.0]    +0.00 [  +0.0,  +0.0]    +0.00 [  +0.0,  +0.0]    +0.00 [  +0.0,  +0.0]    +0.00 [  +0.0,  +0.0]    +0.00 [  +0.0,  +0.0] 
rv0_30                     +0.00 [  +0.0,  +0.0]    +0.00 [  +0.0,  +0.0]    +0.00 [  +0.0,  +0.0]    +0.00 [  +0.0,  +0.0]    +0.00 [  +0.0,  +0.0]    +0.00 [  +0.0,  +0.0] 

Per-record pooled means, percent (negative is better).

arm                      record                roll     pitch       yaw         z        3d   accbias
-----------------------------------------------------------------------------------------------------
sga_0.36                 jonswap_H0.270       -0.47     +0.12     +0.21     -1.31     -0.24     -0.29
sga_0.36                 jonswap_H1.500       -0.15     +0.72     +0.64     -0.80     -0.14     +0.22
sga_0.36                 jonswap_H4.000       -0.18     +1.01     +0.31     -0.81     -0.13     +1.22
sga_0.36                 jonswap_H8.500       -0.20     +1.16     +0.25     -0.52     -0.00     +1.22
sga_0.36                 pmstokes_H0.270      -0.31     -1.01     -0.48     -0.93     -0.18     -0.35
sga_0.36                 pmstokes_H1.500      -0.04     -0.20     +0.35     -0.75     -0.13     -0.35
sga_0.36                 pmstokes_H4.000      -0.08     -0.30     -0.07     -0.69     -0.13     -0.23
sga_0.36                 pmstokes_H8.500      -0.05     -0.01     -0.05     -0.46     -0.12     +0.02

sga_0.5                  jonswap_H0.270       -0.32     -0.08     +0.09     -1.31     -0.23     -0.28
sga_0.5                  jonswap_H1.500       -0.12     +0.60     +0.48     -0.70     -0.12     +0.20
sga_0.5                  jonswap_H4.000       -0.15     +0.87     +0.29     -0.70     -0.11     +1.05
sga_0.5                  jonswap_H8.500       -0.17     +0.98     +0.23     -0.45     -0.00     +1.04
sga_0.5                  pmstokes_H0.270      -0.21     -0.94     -0.37     -0.97     -0.17     -0.36
sga_0.5                  pmstokes_H1.500      -0.03     -0.18     +0.27     -0.66     -0.11     -0.29
sga_0.5                  pmstokes_H4.000      -0.06     -0.25     -0.05     -0.60     -0.11     -0.20
sga_0.5                  pmstokes_H8.500      -0.04     -0.01     -0.04     -0.39     -0.10     +0.01

sga_0.71                 jonswap_H0.270       -0.15     -0.16     +0.01     -1.06     -0.17     -0.19
sga_0.71                 jonswap_H1.500       -0.07     +0.37     +0.26     -0.48     -0.08     +0.14
sga_0.71                 jonswap_H4.000       -0.09     +0.58     +0.21     -0.46     -0.07     +0.70
sga_0.71                 jonswap_H8.500       -0.10     +0.62     +0.15     -0.29     -0.00     +0.67
sga_0.71                 pmstokes_H0.270      -0.09     -0.64     -0.20     -0.83     -0.14     -0.26
sga_0.71                 pmstokes_H1.500      -0.02     -0.13     +0.14     -0.46     -0.07     -0.17
sga_0.71                 pmstokes_H4.000      -0.04     -0.16     -0.03     -0.40     -0.07     -0.13
sga_0.71                 pmstokes_H8.500      -0.02     -0.02     -0.02     -0.26     -0.06     -0.01

sga_1.41                 jonswap_H0.270       +0.11     +0.36     +0.03     +2.91     +0.45     +0.27
sga_1.41                 jonswap_H1.500       +0.08     -0.58     -0.31     +1.10     +0.17     -0.26
sga_1.41                 jonswap_H4.000       +0.14     -1.03     -0.42     +0.94     +0.11     -1.26
sga_1.41                 jonswap_H8.500       +0.14     -1.02     -0.29     +0.59     +0.01     -1.13
sga_1.41                 pmstokes_H0.270      +0.05     +1.04     +0.24     +2.52     +0.38     +0.44
sga_1.41                 pmstokes_H1.500      +0.01     +0.25     -0.11     +1.05     +0.15     +0.23
sga_1.41                 pmstokes_H4.000      +0.04     +0.26     +0.05     +0.80     +0.11     +0.23
sga_1.41                 pmstokes_H8.500      +0.03     +0.06     +0.02     +0.54     +0.10     +0.05

sga_2                    jonswap_H0.270       +0.21     +0.75     +0.06     +9.20     +1.44     +0.53
sga_2                    jonswap_H1.500       +0.15     -1.45     -0.67     +3.58     +0.54     -0.70
sga_2                    jonswap_H4.000       +0.34     -2.65     -1.16     +2.85     +0.33     -3.29
sga_2                    jonswap_H8.500       +0.33     -2.59     -0.78     +1.78     +0.07     -2.92
sga_2                    pmstokes_H0.270      +0.07     +2.44     +0.52     +8.19     +1.27     +1.04
sga_2                    pmstokes_H1.500      +0.01     +0.67     -0.16     +3.42     +0.50     +0.51
sga_2                    pmstokes_H4.000      +0.06     +0.68     +0.13     +2.46     +0.32     +0.59
sga_2                    pmstokes_H8.500      +0.05     +0.21     +0.03     +1.65     +0.28     +0.18

sga_3                    jonswap_H0.270       +0.35     +0.92     +0.03    +22.34     +3.70     +0.65
sga_3                    jonswap_H1.500       +0.26     -3.05     -1.23     +9.72     +1.48     -1.56
sga_3                    jonswap_H4.000       +0.73     -5.48     -2.55     +7.42     +0.86     -6.93
sga_3                    jonswap_H8.500       +0.67     -5.27     -1.67     +4.68     +0.29     -6.12
sga_3                    pmstokes_H0.270      +0.10     +4.20     +0.83    +20.41     +3.33     +1.80
sga_3                    pmstokes_H1.500      -0.02     +1.32     -0.11     +9.31     +1.39     +0.84
sga_3                    pmstokes_H4.000      +0.05     +1.34     +0.30     +6.48     +0.82     +1.13
sga_3                    pmstokes_H8.500      +0.06     +0.46     +0.03     +4.42     +0.71     +0.40

sgg_0.02                 jonswap_H0.270      -10.85     -9.94     +0.10     -0.29    -18.88     -0.31
sgg_0.02                 jonswap_H1.500      -10.87     -7.75     -0.42     -0.80     -9.85     -0.40
sgg_0.02                 jonswap_H4.000      -13.96     -6.96     -1.56     -1.71    -15.85     +0.58
sgg_0.02                 jonswap_H8.500      -12.33     -4.97     -1.21     -1.08     -8.60     +1.88
sgg_0.02                 pmstokes_H0.270     -10.23    -10.79     +0.16     -0.37    -16.99     -0.64
sgg_0.02                 pmstokes_H1.500     -11.39    -12.07     -0.33     -0.44     -9.24     +0.34
sgg_0.02                 pmstokes_H4.000     -11.86    -20.69     -0.91     -1.17    -16.06     +0.69
sgg_0.02                 pmstokes_H8.500      -9.67    -18.91     -2.08     -1.52    -10.76     -1.76

sgg_0.035                jonswap_H0.270      -10.72     -9.60     -0.01     -0.28    -26.20     -0.02
sgg_0.035                jonswap_H1.500      -10.39     -7.02     -0.08     -0.83    -17.10     -0.02
sgg_0.035                jonswap_H4.000      -13.84     -6.70     -1.59     -1.71    -20.29     +0.59
sgg_0.035                jonswap_H8.500      -12.17     -4.81     -1.21     -1.08    -12.27     +1.76
sgg_0.035                pmstokes_H0.270     -10.19    -11.17     -0.19     -0.32    -25.05     -0.53
sgg_0.035                pmstokes_H1.500     -11.04    -11.83     -0.14     -0.44    -17.06     +0.38
sgg_0.035                pmstokes_H4.000     -11.57    -21.13     -1.05     -1.15    -21.19     +0.18
sgg_0.035                pmstokes_H8.500      -9.56    -19.09     -2.08     -1.51    -14.48     -2.11

sgg_0.056                jonswap_H0.270      -10.39     -9.27     -0.04     -0.28    -30.38     +0.21
sgg_0.056                jonswap_H1.500       -9.79     -6.28     +0.11     -0.85    -21.25     +0.30
sgg_0.056                jonswap_H4.000      -13.55     -6.43     -1.62     -1.71    -22.60     +0.52
sgg_0.056                jonswap_H8.500      -11.80     -4.54     -1.26     -1.08    -14.40     +1.60
sgg_0.056                pmstokes_H0.270      -9.94    -11.49     -0.42     -0.29    -29.86     -0.45
sgg_0.056                pmstokes_H1.500     -10.53    -11.67     -0.07     -0.44    -21.67     +0.35
sgg_0.056                pmstokes_H4.000     -11.12    -21.45     -1.18     -1.12    -23.90     -0.36
sgg_0.056                pmstokes_H8.500      -9.23    -19.07     -2.11     -1.50    -16.37     -2.41

sgg_0.1                  jonswap_H0.270       -9.76     -8.57     -0.02     -0.28    -30.37     +0.50
sgg_0.1                  jonswap_H1.500       -8.89     -5.35     +0.07     -0.86    -21.21     +0.58
sgg_0.1                  jonswap_H4.000      -12.95     -5.95     -1.69     -1.69    -21.96     +0.32
sgg_0.1                  jonswap_H8.500      -11.02     -4.13     -1.51     -1.08    -14.56     +1.24
sgg_0.1                  pmstokes_H0.270      -9.40    -11.21     -0.50     -0.27    -30.33     -0.24
sgg_0.1                  pmstokes_H1.500      -9.64    -11.27     -0.15     -0.44    -21.83     +0.32
sgg_0.1                  pmstokes_H4.000     -10.34    -21.02     -1.29     -1.10    -23.18     -0.75
sgg_0.1                  pmstokes_H8.500      -8.54    -17.80     -2.07     -1.51    -15.87     -2.42

sgg_0.18                 jonswap_H0.270       -8.95     -7.61     +0.00     -0.29    -25.16     +0.69
sgg_0.18                 jonswap_H1.500       -7.81     -4.50     -0.18     -0.83    -16.91     +0.63
sgg_0.18                 jonswap_H4.000      -11.94     -5.32     -1.75     -1.66    -18.72     +0.14
sgg_0.18                 jonswap_H8.500      -10.01     -3.84     -1.86     -1.07    -13.14     +0.72
sgg_0.18                 pmstokes_H0.270      -8.64    -10.10     -0.41     -0.28    -25.25     +0.04
sgg_0.18                 pmstokes_H1.500      -8.44    -10.31     -0.32     -0.43    -17.35     +0.29
sgg_0.18                 pmstokes_H4.000      -9.30    -18.98     -1.30     -1.10    -19.46     -0.64
sgg_0.18                 pmstokes_H8.500      -7.69    -14.33     -1.79     -1.56    -13.81     -1.80

sgg_0.32                 jonswap_H0.270       -7.70     -6.55     -0.01     -0.27    -17.19     +0.59
sgg_0.32                 jonswap_H1.500       -6.36     -3.70     -0.33     -0.76    -11.53     +0.47
sgg_0.32                 jonswap_H4.000       -9.94     -4.73     -1.60     -1.58    -14.27     +0.03
sgg_0.32                 jonswap_H8.500       -8.45     -3.82     -1.90     -1.02    -10.65     +0.25
sgg_0.32                 pmstokes_H0.270      -7.43     -8.52     -0.29     -0.27    -17.20     +0.13
sgg_0.32                 pmstokes_H1.500      -6.77     -8.65     -0.39     -0.41    -11.69     +0.22
sgg_0.32                 pmstokes_H4.000      -7.65    -15.64     -1.16     -1.08    -14.61     -0.36
sgg_0.32                 pmstokes_H8.500      -6.50    -10.05     -1.29     -1.53    -11.00     -0.94

sgg_0.56                 jonswap_H0.270       -5.18     -4.64     -0.03     -0.22     -8.67     +0.31
sgg_0.56                 jonswap_H1.500       -4.04     -2.58     -0.27     -0.59     -6.25     +0.24
sgg_0.56                 jonswap_H4.000       -6.29     -3.65     -1.10     -1.24     -8.36     -0.04
sgg_0.56                 jonswap_H8.500       -5.57     -3.29     -1.37     -0.80     -6.44     -0.02
sgg_0.56                 pmstokes_H0.270      -4.99     -5.85     -0.17     -0.23     -8.59     +0.08
sgg_0.56                 pmstokes_H1.500      -4.23     -5.81     -0.29     -0.34     -6.26     +0.11
sgg_0.56                 pmstokes_H4.000      -4.86    -10.53     -0.81     -0.89     -8.50     -0.16
sgg_0.56                 pmstokes_H8.500      -4.31     -6.13     -0.75     -1.21     -6.68     -0.32

sgg_2                    jonswap_H0.270      +10.42    +11.86     +0.29     +1.52    +10.75     -0.31
sgg_2                    jonswap_H1.500       +8.78     +8.24     +0.81     +2.42     +9.43     -0.39
sgg_2                    jonswap_H4.000      +13.36    +14.79     +3.27     +4.42    +12.84     +0.45
sgg_2                    jonswap_H8.500      +12.70    +15.31     +3.90     +2.59    +10.15     +0.53
sgg_2                    pmstokes_H0.270     +10.08    +14.22     +0.44     +1.47    +10.46     -0.02
sgg_2                    pmstokes_H1.500      +8.76    +15.38     +0.79     +1.68     +9.49     -0.21
sgg_2                    pmstokes_H4.000     +10.37    +31.00     +2.75     +3.52    +13.14     +0.20
sgg_2                    pmstokes_H8.500      +9.81    +20.54     +2.32     +3.74    +10.63     +0.00

sgm_0.25                 jonswap_H0.270      +28.60    +16.30     -0.32     +0.29    +34.50     +1.02
sgm_0.25                 jonswap_H1.500      +23.38     +8.07     -0.87     +0.49    +24.57     +0.80
sgm_0.25                 jonswap_H4.000      +31.19     +3.95     -1.19     +0.77    +16.58     -1.18
sgm_0.25                 jonswap_H8.500      +29.32     +4.11     -1.63     +1.63    +13.92     -1.63
sgm_0.25                 pmstokes_H0.270     +27.75    +20.99     -0.22     +0.77    +40.00     +1.26
sgm_0.25                 pmstokes_H1.500     +24.00    +16.93     -1.09     +1.35    +26.54     +1.23
sgm_0.25                 pmstokes_H4.000     +26.89    +14.87     -1.72     +1.86    +17.72     +0.08
sgm_0.25                 pmstokes_H8.500     +24.58    +12.44     -1.69     +2.17    +15.17     +0.58

sgm_0.5                  jonswap_H0.270      +11.68     +5.52     -0.02     -0.07     +9.12     +1.12
sgm_0.5                  jonswap_H1.500       +8.74     +2.52     -0.01     -0.13     +7.56     +1.00
sgm_0.5                  jonswap_H4.000      +11.53     +1.22     -0.14     -0.01     +6.20     +0.52
sgm_0.5                  jonswap_H8.500      +10.93     +1.02     -0.20     +0.60     +5.38     +0.41
sgm_0.5                  pmstokes_H0.270     +11.31     +7.49     +0.05     +0.06    +11.23     +1.18
sgm_0.5                  pmstokes_H1.500      +8.99     +5.74     -0.08     +0.19     +8.41     +1.21
sgm_0.5                  pmstokes_H4.000      +9.83     +4.47     -0.28     +0.41     +6.71     +0.65
sgm_0.5                  pmstokes_H8.500      +9.21     +3.94     -0.17     +0.71     +5.84     +0.65

sgm_2                    jonswap_H0.270       -5.57     -0.21     -0.02     +0.12     +1.58     -1.30
sgm_2                    jonswap_H1.500       -4.99     +1.68     -0.23     +0.53     +3.26     -1.36
sgm_2                    jonswap_H4.000       -3.92     +2.06     -0.38     +0.75     +1.01     -1.44
sgm_2                    jonswap_H8.500       -5.13     +3.37     -0.36     +0.17     +2.25     -1.60
sgm_2                    pmstokes_H0.270      -5.74     -0.98     -0.13     +0.07     +0.89     -1.37
sgm_2                    pmstokes_H1.500      -5.81     +1.87     -0.17     +0.25     +2.91     -1.55
sgm_2                    pmstokes_H4.000      -4.47     +3.23     -0.29     +0.45     +0.92     -0.06
sgm_2                    pmstokes_H8.500      -5.34     +2.80     -0.26     +0.30     +2.55     -1.25

sgm_4                    jonswap_H0.270       -4.11     +0.37     +0.02     +0.17     +4.62     -0.45
sgm_4                    jonswap_H1.500       -1.52     +6.27     -0.67     +0.98    +10.69     -0.83
sgm_4                    jonswap_H4.000       +8.88     +7.98     -1.38     +1.67     +7.10     -2.21
sgm_4                    jonswap_H8.500      +10.54    +15.65     -1.45     +0.58    +11.21     -1.76
sgm_4                    pmstokes_H0.270      -4.84     -0.43     -0.30     +0.11     +3.95     -0.53
sgm_4                    pmstokes_H1.500      -4.45     +8.99     -0.50     +0.51    +10.42     -1.19
sgm_4                    pmstokes_H4.000      +1.72    +15.62     -1.05     +1.11     +7.16     +4.64
sgm_4                    pmstokes_H8.500      -0.30    +16.46     -0.71     +1.11    +12.41     -1.84

sgm_8                    jonswap_H0.270       +3.63     +0.43     +0.20     +0.18     +5.99     +4.12
sgm_8                    jonswap_H1.500      +10.78     +9.76     -1.32     +1.08    +15.30     +3.69
sgm_8                    jonswap_H4.000      +34.39    +13.10     -3.46     +2.26    +12.72     -1.30
sgm_8                    jonswap_H8.500      +58.91    +33.45     -3.88     +0.60    +21.24     +7.97
sgm_8                    pmstokes_H0.270      +2.28     -0.26     -0.46     +0.11     +5.37     +4.20
sgm_8                    pmstokes_H1.500      +4.42    +13.60     -0.93     +0.64    +15.20     +2.66
sgm_8                    pmstokes_H4.000     +18.83    +27.40     -2.58     +1.67    +12.96    +14.78
sgm_8                    pmstokes_H8.500     +19.24    +32.64     -1.62     +1.93    +22.68     -0.74

pq0_5e-05                jonswap_H0.270       +0.00     +0.00     +0.00     +0.00     +0.00     +0.00
pq0_5e-05                jonswap_H1.500       +0.00     +0.00     +0.00     +0.00     +0.00     +0.00
pq0_5e-05                jonswap_H4.000       +0.00     +0.00     +0.00     +0.00     +0.00     +0.00
pq0_5e-05                jonswap_H8.500       +0.00     +0.00     +0.00     +0.00     +0.00     +0.00
pq0_5e-05                pmstokes_H0.270      +0.00     +0.00     +0.00     +0.00     +0.00     +0.00
pq0_5e-05                pmstokes_H1.500      +0.00     +0.00     +0.00     +0.00     +0.00     +0.00
pq0_5e-05                pmstokes_H4.000      +0.00     +0.00     +0.00     +0.00     +0.00     +0.00
pq0_5e-05                pmstokes_H8.500      +0.00     +0.00     +0.00     +0.00     +0.00     +0.00

pq0_0.005                jonswap_H0.270       +0.00     +0.00     +0.00     +0.00     +0.00     +0.00
pq0_0.005                jonswap_H1.500       +0.00     +0.00     +0.00     +0.00     +0.00     +0.00
pq0_0.005                jonswap_H4.000       +0.00     +0.00     +0.00     +0.00     +0.00     +0.00
pq0_0.005                jonswap_H8.500       +0.00     +0.00     +0.00     +0.00     +0.00     +0.00
pq0_0.005                pmstokes_H0.270      +0.00     +0.00     +0.00     +0.00     +0.00     +0.00
pq0_0.005                pmstokes_H1.500      +0.00     +0.00     +0.00     +0.00     +0.00     +0.00
pq0_0.005                pmstokes_H4.000      +0.00     +0.00     +0.00     +0.00     +0.00     +0.00
pq0_0.005                pmstokes_H8.500      +0.00     +0.00     +0.00     +0.00     +0.00     +0.00

pq0_0.05                 jonswap_H0.270       +0.00     +0.00     +0.00     +0.00     +0.00     +0.00
pq0_0.05                 jonswap_H1.500       +0.00     +0.00     +0.00     +0.00     +0.00     +0.00
pq0_0.05                 jonswap_H4.000       +0.00     +0.00     +0.00     +0.00     +0.00     +0.00
pq0_0.05                 jonswap_H8.500       +0.00     +0.00     +0.00     +0.00     +0.00     +0.00
pq0_0.05                 pmstokes_H0.270      +0.00     +0.00     +0.00     +0.00     +0.00     +0.00
pq0_0.05                 pmstokes_H1.500      +0.00     +0.00     +0.00     +0.00     +0.00     +0.00
pq0_0.05                 pmstokes_H4.000      +0.00     +0.00     +0.00     +0.00     +0.00     +0.00
pq0_0.05                 pmstokes_H8.500      +0.00     +0.00     +0.00     +0.00     +0.00     +0.00

pb0_1e-08                jonswap_H0.270       -0.07     -2.42     +0.70     -0.05     +0.07     -0.52
pb0_1e-08                jonswap_H1.500       -0.98     -3.81     +1.29     -0.08     +0.16     -0.78
pb0_1e-08                jonswap_H4.000       +1.97     -5.14     +2.26     -0.16     +0.34     +0.10
pb0_1e-08                jonswap_H8.500       +1.40     -5.62     +2.35     -0.13     +0.80     +0.08
pb0_1e-08                pmstokes_H0.270      -0.27     -2.31     +0.81     -0.05     +0.10     -0.54
pb0_1e-08                pmstokes_H1.500      -0.63     -3.16     +1.37     -0.08     +0.14     -0.79
pb0_1e-08                pmstokes_H4.000      +1.46     -4.10     +2.48     -0.14     +0.07     -0.70
pb0_1e-08                pmstokes_H8.500      -0.42     -7.56     +1.96     -0.09     +0.14     -1.42

pb0_1e-07                jonswap_H0.270       -0.03     -0.55     +0.16     -0.01     -0.00     -0.12
pb0_1e-07                jonswap_H1.500       -0.29     -0.92     +0.32     -0.02     -0.01     -0.19
pb0_1e-07                jonswap_H4.000       +0.49     -1.69     +0.59     -0.04     +0.03     -0.00
pb0_1e-07                jonswap_H8.500       +0.31     -2.11     +0.66     -0.04     +0.16     -0.01
pb0_1e-07                pmstokes_H0.270      -0.08     -0.52     +0.19     -0.01     -0.00     -0.12
pb0_1e-07                pmstokes_H1.500      -0.21     -0.76     +0.34     -0.02     -0.02     -0.19
pb0_1e-07                pmstokes_H4.000      +0.33     -1.06     +0.64     -0.03     -0.04     -0.17
pb0_1e-07                pmstokes_H8.500      -0.35     -2.30     +0.51     -0.02     -0.04     -0.42

pb0_1e-05                jonswap_H0.270       +0.00     +0.07     -0.02     +0.00     +0.00     +0.01
pb0_1e-05                jonswap_H1.500       +0.04     +0.12     -0.04     +0.00     +0.00     +0.02
pb0_1e-05                jonswap_H4.000       -0.06     +0.25     -0.08     +0.00     +0.00     +0.00
pb0_1e-05                jonswap_H8.500       -0.04     +0.32     -0.14     +0.01     -0.04     +0.00
pb0_1e-05                pmstokes_H0.270      +0.01     +0.06     -0.02     +0.00     +0.00     +0.01
pb0_1e-05                pmstokes_H1.500      +0.03     +0.10     -0.04     +0.00     +0.01     +0.02
pb0_1e-05                pmstokes_H4.000      -0.04     +0.16     -0.08     +0.00     +0.01     +0.02
pb0_1e-05                pmstokes_H8.500      +0.09     +0.51     -0.02     -0.00     +0.02     +0.06

pb0_0.0001               jonswap_H0.270       +0.00     +0.07     -0.02     +0.00     +0.00     +0.01
pb0_0.0001               jonswap_H1.500       +0.04     +0.13     -0.04     +0.00     +0.00     +0.03
pb0_0.0001               jonswap_H4.000       -0.07     +0.28     -0.09     +0.00     +0.00     +0.00
pb0_0.0001               jonswap_H8.500       -0.05     +0.36     -0.19     +0.01     -0.05     +0.00
pb0_0.0001               pmstokes_H0.270      +0.01     +0.07     -0.03     +0.00     +0.00     +0.02
pb0_0.0001               pmstokes_H1.500      +0.03     +0.11     -0.04     +0.00     +0.01     +0.02
pb0_0.0001               pmstokes_H4.000      -0.05     +0.18     -0.08     +0.00     +0.01     +0.02
pb0_0.0001               pmstokes_H8.500      +0.10     +0.55     -0.05     -0.00     +0.02     +0.07

brw_1e-13                jonswap_H0.270       +0.02     +0.13     +0.00     -0.00     -0.00     +0.01
brw_1e-13                jonswap_H1.500       +0.00     +0.16     -0.01     -0.00     -0.00     +0.01
brw_1e-13                jonswap_H4.000       -0.04     +0.11     -0.04     -0.00     -0.01     +0.00
brw_1e-13                jonswap_H8.500       -0.03     +0.09     -0.07     +0.00     -0.01     -0.00
brw_1e-13                pmstokes_H0.270      +0.02     +0.12     -0.00     -0.00     -0.00     +0.01
brw_1e-13                pmstokes_H1.500      +0.01     +0.16     -0.01     -0.00     -0.00     +0.01
brw_1e-13                pmstokes_H4.000      -0.04     +0.18     -0.03     -0.00     -0.01     +0.01
brw_1e-13                pmstokes_H8.500      -0.02     +0.30     -0.01     -0.00     -0.01     +0.01

brw_1e-12                jonswap_H0.270       +0.02     +0.11     +0.00     -0.00     -0.00     +0.01
brw_1e-12                jonswap_H1.500       +0.00     +0.14     -0.01     -0.00     -0.00     +0.01
brw_1e-12                jonswap_H4.000       -0.03     +0.10     -0.04     -0.00     -0.01     +0.00
brw_1e-12                jonswap_H8.500       -0.03     +0.08     -0.06     +0.00     -0.01     -0.00
brw_1e-12                pmstokes_H0.270      +0.02     +0.11     -0.00     -0.00     -0.00     +0.01
brw_1e-12                pmstokes_H1.500      +0.01     +0.15     -0.01     -0.00     -0.00     +0.01
brw_1e-12                pmstokes_H4.000      -0.03     +0.16     -0.03     -0.00     -0.01     +0.01
brw_1e-12                pmstokes_H8.500      -0.02     +0.27     -0.01     -0.00     -0.01     +0.01

brw_1e-10                jonswap_H0.270       -0.11     -0.58     -0.01     +0.00     +0.03     -0.04
brw_1e-10                jonswap_H1.500       -0.00     -0.75     +0.08     +0.00     +0.04     -0.04
brw_1e-10                jonswap_H4.000       +0.20     -0.53     +0.24     +0.00     +0.10     -0.02
brw_1e-10                jonswap_H8.500       +0.16     -0.43     +0.37     -0.00     +0.10     +0.00
brw_1e-10                pmstokes_H0.270      -0.09     -0.58     +0.02     +0.00     +0.02     -0.03
brw_1e-10                pmstokes_H1.500      -0.03     -0.77     +0.06     +0.00     +0.04     -0.03
brw_1e-10                pmstokes_H4.000      +0.19     -0.81     +0.16     +0.00     +0.10     -0.06
brw_1e-10                pmstokes_H8.500      +0.12     -1.57     +0.07     +0.02     +0.08     -0.08

brw_1e-09                jonswap_H0.270       -0.25     -1.25     -0.02     +0.01     +0.21     -0.10
brw_1e-09                jonswap_H1.500       +0.02     -1.61     +0.24     +0.01     +0.31     -0.10
brw_1e-09                jonswap_H4.000       +0.57     -0.99     +0.66     +0.02     +0.63     -0.07
brw_1e-09                jonswap_H8.500       +0.44     -0.74     +1.10     -0.00     +0.66     +0.02
brw_1e-09                pmstokes_H0.270      -0.20     -1.20     +0.05     +0.01     +0.20     -0.08
brw_1e-09                pmstokes_H1.500      -0.03     -1.51     +0.18     +0.00     +0.32     -0.09
brw_1e-09                pmstokes_H4.000      +0.48     -1.24     +0.44     +0.02     +0.67     -0.19
brw_1e-09                pmstokes_H8.500      +0.24     -3.77     +0.19     +0.05     +0.60     -0.25

brw_1e-08                jonswap_H0.270       +0.02     -1.03     -0.01     +0.02     +0.83     -0.15
brw_1e-08                jonswap_H1.500       +0.39     -1.29     +0.38     +0.04     +1.27     -0.14
brw_1e-08                jonswap_H4.000       +1.41     +0.40     +1.14     +0.07     +2.44     -0.08
brw_1e-08                jonswap_H8.500       +1.14     +1.07     +1.86     +0.01     +2.49     +0.09
brw_1e-08                pmstokes_H0.270      +0.08     -0.85     +0.11     +0.01     +0.83     -0.10
brw_1e-08                pmstokes_H1.500      +0.36     -0.53     +0.31     +0.01     +1.31     -0.13
brw_1e-08                pmstokes_H4.000      +1.13     +2.23     +0.84     +0.05     +2.56     -0.26
brw_1e-08                pmstokes_H8.500      +0.72     -1.86     +0.52     +0.09     +2.43     -0.34

rp0_0.015                jonswap_H0.270       +0.00     +0.00     +0.00     +0.00     +0.00     +0.00
rp0_0.015                jonswap_H1.500       +0.00     +0.00     +0.00     +0.00     +0.00     +0.00
rp0_0.015                jonswap_H4.000       +0.00     +0.00     +0.00     +0.00     +0.00     +0.00
rp0_0.015                jonswap_H8.500       +0.00     +0.00     +0.00     +0.00     +0.00     +0.00
rp0_0.015                pmstokes_H0.270      +0.00     +0.00     +0.00     +0.00     +0.00     +0.00
rp0_0.015                pmstokes_H1.500      +0.00     +0.00     +0.00     +0.00     +0.00     +0.00
rp0_0.015                pmstokes_H4.000      +0.00     +0.00     +0.00     +0.00     +0.00     +0.00
rp0_0.015                pmstokes_H8.500      +0.00     +0.00     +0.00     +0.00     +0.00     +0.00

rp0_0.15                 jonswap_H0.270       +0.00     +0.00     +0.00     +0.00     +0.00     +0.00
rp0_0.15                 jonswap_H1.500       +0.00     +0.00     +0.00     +0.00     +0.00     +0.00
rp0_0.15                 jonswap_H4.000       +0.00     +0.00     +0.00     +0.00     +0.00     +0.00
rp0_0.15                 jonswap_H8.500       +0.00     +0.00     +0.00     +0.00     +0.00     +0.00
rp0_0.15                 pmstokes_H0.270      +0.00     +0.00     +0.00     +0.00     +0.00     +0.00
rp0_0.15                 pmstokes_H1.500      +0.00     +0.00     +0.00     +0.00     +0.00     +0.00
rp0_0.15                 pmstokes_H4.000      +0.00     +0.00     +0.00     +0.00     +0.00     +0.00
rp0_0.15                 pmstokes_H8.500      +0.00     +0.00     +0.00     +0.00     +0.00     +0.00

rp0_15                   jonswap_H0.270       +0.00     +0.00     +0.00     +0.00     +0.00     +0.00
rp0_15                   jonswap_H1.500       +0.00     +0.00     +0.00     +0.00     +0.00     +0.00
rp0_15                   jonswap_H4.000       +0.00     +0.00     +0.00     +0.00     +0.00     +0.00
rp0_15                   jonswap_H8.500       +0.00     +0.00     +0.00     +0.00     +0.00     +0.00
rp0_15                   pmstokes_H0.270      +0.00     +0.00     +0.00     +0.00     +0.00     +0.00
rp0_15                   pmstokes_H1.500      +0.00     +0.00     +0.00     +0.00     +0.00     +0.00
rp0_15                   pmstokes_H4.000      +0.00     +0.00     +0.00     +0.00     +0.00     +0.00
rp0_15                   pmstokes_H8.500      +0.00     +0.00     +0.00     +0.00     +0.00     +0.00

rp0_150                  jonswap_H0.270       +0.00     +0.00     +0.00     +0.00     +0.00     +0.00
rp0_150                  jonswap_H1.500       +0.00     +0.00     +0.00     +0.00     +0.00     +0.00
rp0_150                  jonswap_H4.000       +0.00     +0.00     +0.00     +0.00     +0.00     +0.00
rp0_150                  jonswap_H8.500       +0.00     +0.00     +0.00     +0.00     +0.00     +0.00
rp0_150                  pmstokes_H0.270      +0.00     +0.00     +0.00     +0.00     +0.00     +0.00
rp0_150                  pmstokes_H1.500      +0.00     +0.00     +0.00     +0.00     +0.00     +0.00
rp0_150                  pmstokes_H4.000      +0.00     +0.00     +0.00     +0.00     +0.00     +0.00
rp0_150                  pmstokes_H8.500      +0.00     +0.00     +0.00     +0.00     +0.00     +0.00

rv0_0.003                jonswap_H0.270       +0.00     +0.00     +0.00     +0.00     +0.00     +0.00
rv0_0.003                jonswap_H1.500       +0.00     +0.00     +0.00     +0.00     +0.00     +0.00
rv0_0.003                jonswap_H4.000       +0.00     +0.00     +0.00     +0.00     +0.00     +0.00
rv0_0.003                jonswap_H8.500       +0.00     +0.00     +0.00     +0.00     +0.00     +0.00
rv0_0.003                pmstokes_H0.270      +0.00     +0.00     +0.00     +0.00     +0.00     +0.00
rv0_0.003                pmstokes_H1.500      +0.00     +0.00     +0.00     +0.00     +0.00     +0.00
rv0_0.003                pmstokes_H4.000      +0.00     +0.00     +0.00     +0.00     +0.00     +0.00
rv0_0.003                pmstokes_H8.500      +0.00     +0.00     +0.00     +0.00     +0.00     +0.00

rv0_0.03                 jonswap_H0.270       +0.00     +0.00     +0.00     +0.00     +0.00     +0.00
rv0_0.03                 jonswap_H1.500       +0.00     +0.00     +0.00     +0.00     +0.00     +0.00
rv0_0.03                 jonswap_H4.000       +0.00     +0.00     +0.00     +0.00     +0.00     +0.00
rv0_0.03                 jonswap_H8.500       +0.00     +0.00     +0.00     +0.00     +0.00     +0.00
rv0_0.03                 pmstokes_H0.270      +0.00     +0.00     +0.00     +0.00     +0.00     +0.00
rv0_0.03                 pmstokes_H1.500      +0.00     +0.00     +0.00     +0.00     +0.00     +0.00
rv0_0.03                 pmstokes_H4.000      +0.00     +0.00     +0.00     +0.00     +0.00     +0.00
rv0_0.03                 pmstokes_H8.500      +0.00     +0.00     +0.00     +0.00     +0.00     +0.00

rv0_3                    jonswap_H0.270       +0.00     +0.00     +0.00     +0.00     +0.00     +0.00
rv0_3                    jonswap_H1.500       +0.00     +0.00     +0.00     +0.00     +0.00     +0.00
rv0_3                    jonswap_H4.000       +0.00     +0.00     +0.00     +0.00     +0.00     +0.00
rv0_3                    jonswap_H8.500       +0.00     +0.00     +0.00     +0.00     +0.00     +0.00
rv0_3                    pmstokes_H0.270      +0.00     +0.00     +0.00     +0.00     +0.00     +0.00
rv0_3                    pmstokes_H1.500      +0.00     +0.00     +0.00     +0.00     +0.00     +0.00
rv0_3                    pmstokes_H4.000      +0.00     +0.00     +0.00     +0.00     +0.00     +0.00
rv0_3                    pmstokes_H8.500      +0.00     +0.00     +0.00     +0.00     +0.00     +0.00

rv0_30                   jonswap_H0.270       +0.00     +0.00     +0.00     +0.00     +0.00     +0.00
rv0_30                   jonswap_H1.500       +0.00     +0.00     +0.00     +0.00     +0.00     +0.00
rv0_30                   jonswap_H4.000       +0.00     +0.00     +0.00     +0.00     +0.00     +0.00
rv0_30                   jonswap_H8.500       +0.00     +0.00     +0.00     +0.00     +0.00     +0.00
rv0_30                   pmstokes_H0.270      +0.00     +0.00     +0.00     +0.00     +0.00     +0.00
rv0_30                   pmstokes_H1.500      +0.00     +0.00     +0.00     +0.00     +0.00     +0.00
rv0_30                   pmstokes_H4.000      +0.00     +0.00     +0.00     +0.00     +0.00     +0.00
rv0_30                   pmstokes_H8.500      +0.00     +0.00     +0.00     +0.00     +0.00     +0.00

deterministic quality gate FAIL on 320 (arm, record) pairs, off-default seeds included:
  brw_1e-08                jonswap_H0.270
  brw_1e-08                jonswap_H1.500
  brw_1e-08                jonswap_H4.000
  brw_1e-08                jonswap_H8.500
  brw_1e-08                pmstokes_H0.270
  brw_1e-08                pmstokes_H1.500
  brw_1e-08                pmstokes_H4.000
  brw_1e-08                pmstokes_H8.500
  brw_1e-09                jonswap_H0.270
  brw_1e-09                jonswap_H1.500
  brw_1e-09                jonswap_H4.000
  brw_1e-09                jonswap_H8.500
  brw_1e-09                pmstokes_H0.270
  brw_1e-09                pmstokes_H1.500
  brw_1e-09                pmstokes_H4.000
  brw_1e-09                pmstokes_H8.500
  brw_1e-10                jonswap_H0.270
  brw_1e-10                jonswap_H1.500
  brw_1e-10                jonswap_H4.000
  brw_1e-10                jonswap_H8.500
  brw_1e-10                pmstokes_H0.270
  brw_1e-10                pmstokes_H1.500
  brw_1e-10                pmstokes_H4.000
  brw_1e-10                pmstokes_H8.500
  brw_1e-12                jonswap_H0.270
  brw_1e-12                jonswap_H1.500
  brw_1e-12                jonswap_H4.000
  brw_1e-12                jonswap_H8.500
  brw_1e-12                pmstokes_H0.270
  brw_1e-12                pmstokes_H1.500
  brw_1e-12                pmstokes_H4.000
  brw_1e-12                pmstokes_H8.500
  brw_1e-13                jonswap_H0.270
  brw_1e-13                jonswap_H1.500
  brw_1e-13                jonswap_H4.000
  brw_1e-13                jonswap_H8.500
  brw_1e-13                pmstokes_H0.270
  brw_1e-13                pmstokes_H1.500
  brw_1e-13                pmstokes_H4.000
  brw_1e-13                pmstokes_H8.500
  deployed                 jonswap_H0.270
  deployed                 jonswap_H1.500
  deployed                 jonswap_H4.000
  deployed                 jonswap_H8.500
  deployed                 pmstokes_H0.270
  deployed                 pmstokes_H1.500
  deployed                 pmstokes_H4.000
  deployed                 pmstokes_H8.500
  pb0_0.0001               jonswap_H0.270
  pb0_0.0001               jonswap_H1.500
  pb0_0.0001               jonswap_H4.000
  pb0_0.0001               jonswap_H8.500
  pb0_0.0001               pmstokes_H0.270
  pb0_0.0001               pmstokes_H1.500
  pb0_0.0001               pmstokes_H4.000
  pb0_0.0001               pmstokes_H8.500
  pb0_1e-05                jonswap_H0.270
  pb0_1e-05                jonswap_H1.500
  pb0_1e-05                jonswap_H4.000
  pb0_1e-05                jonswap_H8.500
  pb0_1e-05                pmstokes_H0.270
  pb0_1e-05                pmstokes_H1.500
  pb0_1e-05                pmstokes_H4.000
  pb0_1e-05                pmstokes_H8.500
  pb0_1e-07                jonswap_H0.270
  pb0_1e-07                jonswap_H1.500
  pb0_1e-07                jonswap_H4.000
  pb0_1e-07                jonswap_H8.500
  pb0_1e-07                pmstokes_H0.270
  pb0_1e-07                pmstokes_H1.500
  pb0_1e-07                pmstokes_H4.000
  pb0_1e-07                pmstokes_H8.500
  pb0_1e-08                jonswap_H0.270
  pb0_1e-08                jonswap_H1.500
  pb0_1e-08                jonswap_H4.000
  pb0_1e-08                jonswap_H8.500
  pb0_1e-08                pmstokes_H0.270
  pb0_1e-08                pmstokes_H1.500
  pb0_1e-08                pmstokes_H4.000
  pb0_1e-08                pmstokes_H8.500
  pq0_0.005                jonswap_H0.270
  pq0_0.005                jonswap_H1.500
  pq0_0.005                jonswap_H4.000
  pq0_0.005                jonswap_H8.500
  pq0_0.005                pmstokes_H0.270
  pq0_0.005                pmstokes_H1.500
  pq0_0.005                pmstokes_H4.000
  pq0_0.005                pmstokes_H8.500
  pq0_0.05                 jonswap_H0.270
  pq0_0.05                 jonswap_H1.500
  pq0_0.05                 jonswap_H4.000
  pq0_0.05                 jonswap_H8.500
  pq0_0.05                 pmstokes_H0.270
  pq0_0.05                 pmstokes_H1.500
  pq0_0.05                 pmstokes_H4.000
  pq0_0.05                 pmstokes_H8.500
  pq0_5e-05                jonswap_H0.270
  pq0_5e-05                jonswap_H1.500
  pq0_5e-05                jonswap_H4.000
  pq0_5e-05                jonswap_H8.500
  pq0_5e-05                pmstokes_H0.270
  pq0_5e-05                pmstokes_H1.500
  pq0_5e-05                pmstokes_H4.000
  pq0_5e-05                pmstokes_H8.500
  rp0_0.015                jonswap_H0.270
  rp0_0.015                jonswap_H1.500
  rp0_0.015                jonswap_H4.000
  rp0_0.015                jonswap_H8.500
  rp0_0.015                pmstokes_H0.270
  rp0_0.015                pmstokes_H1.500
  rp0_0.015                pmstokes_H4.000
  rp0_0.015                pmstokes_H8.500
  rp0_0.15                 jonswap_H0.270
  rp0_0.15                 jonswap_H1.500
  rp0_0.15                 jonswap_H4.000
  rp0_0.15                 jonswap_H8.500
  rp0_0.15                 pmstokes_H0.270
  rp0_0.15                 pmstokes_H1.500
  rp0_0.15                 pmstokes_H4.000
  rp0_0.15                 pmstokes_H8.500
  rp0_15                   jonswap_H0.270
  rp0_15                   jonswap_H1.500
  rp0_15                   jonswap_H4.000
  rp0_15                   jonswap_H8.500
  rp0_15                   pmstokes_H0.270
  rp0_15                   pmstokes_H1.500
  rp0_15                   pmstokes_H4.000
  rp0_15                   pmstokes_H8.500
  rp0_150                  jonswap_H0.270
  rp0_150                  jonswap_H1.500
  rp0_150                  jonswap_H4.000
  rp0_150                  jonswap_H8.500
  rp0_150                  pmstokes_H0.270
  rp0_150                  pmstokes_H1.500
  rp0_150                  pmstokes_H4.000
  rp0_150                  pmstokes_H8.500
  rv0_0.003                jonswap_H0.270
  rv0_0.003                jonswap_H1.500
  rv0_0.003                jonswap_H4.000
  rv0_0.003                jonswap_H8.500
  rv0_0.003                pmstokes_H0.270
  rv0_0.003                pmstokes_H1.500
  rv0_0.003                pmstokes_H4.000
  rv0_0.003                pmstokes_H8.500
  rv0_0.03                 jonswap_H0.270
  rv0_0.03                 jonswap_H1.500
  rv0_0.03                 jonswap_H4.000
  rv0_0.03                 jonswap_H8.500
  rv0_0.03                 pmstokes_H0.270
  rv0_0.03                 pmstokes_H1.500
  rv0_0.03                 pmstokes_H4.000
  rv0_0.03                 pmstokes_H8.500
  rv0_3                    jonswap_H0.270
  rv0_3                    jonswap_H1.500
  rv0_3                    jonswap_H4.000
  rv0_3                    jonswap_H8.500
  rv0_3                    pmstokes_H0.270
  rv0_3                    pmstokes_H1.500
  rv0_3                    pmstokes_H4.000
  rv0_3                    pmstokes_H8.500
  rv0_30                   jonswap_H0.270
  rv0_30                   jonswap_H1.500
  rv0_30                   jonswap_H4.000
  rv0_30                   jonswap_H8.500
  rv0_30                   pmstokes_H0.270
  rv0_30                   pmstokes_H1.500
  rv0_30                   pmstokes_H4.000
  rv0_30                   pmstokes_H8.500
  sga_0.36                 jonswap_H0.270
  sga_0.36                 jonswap_H1.500
  sga_0.36                 jonswap_H4.000
  sga_0.36                 jonswap_H8.500
  sga_0.36                 pmstokes_H0.270
  sga_0.36                 pmstokes_H1.500
  sga_0.36                 pmstokes_H4.000
  sga_0.36                 pmstokes_H8.500
  sga_0.5                  jonswap_H0.270
  sga_0.5                  jonswap_H1.500
  sga_0.5                  jonswap_H4.000
  sga_0.5                  jonswap_H8.500
  sga_0.5                  pmstokes_H0.270
  sga_0.5                  pmstokes_H1.500
  sga_0.5                  pmstokes_H4.000
  sga_0.5                  pmstokes_H8.500
  sga_0.71                 jonswap_H0.270
  sga_0.71                 jonswap_H1.500
  sga_0.71                 jonswap_H4.000
  sga_0.71                 jonswap_H8.500
  sga_0.71                 pmstokes_H0.270
  sga_0.71                 pmstokes_H1.500
  sga_0.71                 pmstokes_H4.000
  sga_0.71                 pmstokes_H8.500
  sga_1.41                 jonswap_H0.270
  sga_1.41                 jonswap_H1.500
  sga_1.41                 jonswap_H4.000
  sga_1.41                 jonswap_H8.500
  sga_1.41                 pmstokes_H0.270
  sga_1.41                 pmstokes_H1.500
  sga_1.41                 pmstokes_H4.000
  sga_1.41                 pmstokes_H8.500
  sga_2                    jonswap_H0.270
  sga_2                    jonswap_H1.500
  sga_2                    jonswap_H4.000
  sga_2                    jonswap_H8.500
  sga_2                    pmstokes_H0.270
  sga_2                    pmstokes_H1.500
  sga_2                    pmstokes_H4.000
  sga_2                    pmstokes_H8.500
  sga_3                    jonswap_H0.270
  sga_3                    jonswap_H1.500
  sga_3                    jonswap_H4.000
  sga_3                    jonswap_H8.500
  sga_3                    pmstokes_H0.270
  sga_3                    pmstokes_H1.500
  sga_3                    pmstokes_H4.000
  sga_3                    pmstokes_H8.500
  sgg_0.02                 jonswap_H0.270
  sgg_0.02                 jonswap_H1.500
  sgg_0.02                 jonswap_H4.000
  sgg_0.02                 jonswap_H8.500
  sgg_0.02                 pmstokes_H0.270
  sgg_0.02                 pmstokes_H1.500
  sgg_0.02                 pmstokes_H4.000
  sgg_0.02                 pmstokes_H8.500
  sgg_0.035                jonswap_H0.270
  sgg_0.035                jonswap_H1.500
  sgg_0.035                jonswap_H4.000
  sgg_0.035                jonswap_H8.500
  sgg_0.035                pmstokes_H0.270
  sgg_0.035                pmstokes_H1.500
  sgg_0.035                pmstokes_H4.000
  sgg_0.035                pmstokes_H8.500
  sgg_0.056                jonswap_H0.270
  sgg_0.056                jonswap_H1.500
  sgg_0.056                jonswap_H4.000
  sgg_0.056                jonswap_H8.500
  sgg_0.056                pmstokes_H0.270
  sgg_0.056                pmstokes_H1.500
  sgg_0.056                pmstokes_H4.000
  sgg_0.056                pmstokes_H8.500
  sgg_0.1                  jonswap_H0.270
  sgg_0.1                  jonswap_H1.500
  sgg_0.1                  jonswap_H4.000
  sgg_0.1                  jonswap_H8.500
  sgg_0.1                  pmstokes_H0.270
  sgg_0.1                  pmstokes_H1.500
  sgg_0.1                  pmstokes_H4.000
  sgg_0.1                  pmstokes_H8.500
  sgg_0.18                 jonswap_H0.270
  sgg_0.18                 jonswap_H1.500
  sgg_0.18                 jonswap_H4.000
  sgg_0.18                 jonswap_H8.500
  sgg_0.18                 pmstokes_H0.270
  sgg_0.18                 pmstokes_H1.500
  sgg_0.18                 pmstokes_H4.000
  sgg_0.18                 pmstokes_H8.500
  sgg_0.32                 jonswap_H0.270
  sgg_0.32                 jonswap_H1.500
  sgg_0.32                 jonswap_H4.000
  sgg_0.32                 jonswap_H8.500
  sgg_0.32                 pmstokes_H0.270
  sgg_0.32                 pmstokes_H1.500
  sgg_0.32                 pmstokes_H4.000
  sgg_0.32                 pmstokes_H8.500
  sgg_0.56                 jonswap_H0.270
  sgg_0.56                 jonswap_H1.500
  sgg_0.56                 jonswap_H4.000
  sgg_0.56                 jonswap_H8.500
  sgg_0.56                 pmstokes_H0.270
  sgg_0.56                 pmstokes_H1.500
  sgg_0.56                 pmstokes_H4.000
  sgg_0.56                 pmstokes_H8.500
  sgg_2                    jonswap_H0.270
  sgg_2                    jonswap_H1.500
  sgg_2                    jonswap_H4.000
  sgg_2                    jonswap_H8.500
  sgg_2                    pmstokes_H0.270
  sgg_2                    pmstokes_H1.500
  sgg_2                    pmstokes_H4.000
  sgg_2                    pmstokes_H8.500
  sgm_0.25                 jonswap_H0.270
  sgm_0.25                 jonswap_H1.500
  sgm_0.25                 jonswap_H4.000
  sgm_0.25                 jonswap_H8.500
  sgm_0.25                 pmstokes_H0.270
  sgm_0.25                 pmstokes_H1.500
  sgm_0.25                 pmstokes_H4.000
  sgm_0.25                 pmstokes_H8.500
  sgm_0.5                  jonswap_H0.270
  sgm_0.5                  jonswap_H1.500
  sgm_0.5                  jonswap_H4.000
  sgm_0.5                  jonswap_H8.500
  sgm_0.5                  pmstokes_H0.270
  sgm_0.5                  pmstokes_H1.500
  sgm_0.5                  pmstokes_H4.000
  sgm_0.5                  pmstokes_H8.500
  sgm_2                    jonswap_H0.270
  sgm_2                    jonswap_H1.500
  sgm_2                    jonswap_H4.000
  sgm_2                    jonswap_H8.500
  sgm_2                    pmstokes_H0.270
  sgm_2                    pmstokes_H1.500
  sgm_2                    pmstokes_H4.000
  sgm_2                    pmstokes_H8.500
  sgm_4                    jonswap_H0.270
  sgm_4                    jonswap_H1.500
  sgm_4                    jonswap_H4.000
  sgm_4                    jonswap_H8.500
  sgm_4                    pmstokes_H0.270
  sgm_4                    pmstokes_H1.500
  sgm_4                    pmstokes_H4.000
  sgm_4                    pmstokes_H8.500
  sgm_8                    jonswap_H0.270
  sgm_8                    jonswap_H1.500
  sgm_8                    jonswap_H4.000
  sgm_8                    jonswap_H8.500
  sgm_8                    pmstokes_H0.270
  sgm_8                    pmstokes_H1.500
  sgm_8                    pmstokes_H4.000
  sgm_8                    pmstokes_H8.500
