Paired per-(record, seed) change against the deployed variances, percent (negative is better).
Bracketed range is over records and seeds; * marks one sign on every pair.

arm                                         roll                   pitch                     yaw                       z                      3d                 accbias
------------------------------------------------------------------------------------------------------------------------------------------------------------------------
g0.035                    -11.55 [ -25.1,  +6.6]   -14.14 [ -46.1,  +8.1]    -0.64 [  -8.1,  +7.2]    -1.91 [  -6.1,  +0.6]   -33.68 [ -46.7, -13.3]*   -0.21 [ -18.0, +11.3] 
g0.05                     -11.25 [ -24.7,  +6.1]   -13.99 [ -46.0,  +8.6]    -0.69 [  -7.9,  +7.3]    -1.90 [  -6.1,  +0.6]   -36.27 [ -49.9, -16.7]*   -0.28 [ -19.2, +11.0] 
g0.07                     -10.83 [ -23.9,  +5.3]   -13.71 [ -44.7,  +9.1]    -0.74 [  -7.4,  +7.2]    -1.89 [  -6.1,  +0.6]   -37.03 [ -51.5, -18.6]*   -0.34 [ -19.5, +10.4] 
g0.035_m2                 -13.35 [ -38.6, +14.3]   -14.68 [ -37.2,  +0.6]    -1.17 [  -7.7,  +4.8]    -1.97 [  -5.9,  +0.6]   -33.60 [ -47.0, -13.2]*   -0.85 [  -6.4,  +3.1] 
g0.05_m2                  -13.13 [ -38.4, +13.9]   -14.50 [ -36.9,  +0.8]    -1.19 [  -7.3,  +4.7]    -1.97 [  -5.9,  +0.6]   -37.08 [ -50.6, -17.2]*   -0.94 [  -7.7,  +2.7] 
g0.07_m2                  -12.80 [ -37.8, +13.7]   -14.22 [ -36.0,  +1.4]    -1.22 [  -7.0,  +4.5]    -1.96 [  -5.9,  +0.6]   -39.14 [ -53.0, -19.7]*   -1.06 [  -8.6,  +2.3] 
g0.05_m1.5                -12.54 [ -32.4, +10.3]   -14.23 [ -40.3,  +3.6]    -0.92 [  -5.7,  +3.7]    -1.94 [  -6.0,  +0.6]   -37.12 [ -50.5, -17.1]*   -0.80 [ -12.3,  +4.8] 
g0.05_m3                  -12.91 [ -47.7, +21.6]   -14.92 [ -33.3,  -2.1]*   -1.77 [ -10.8,  +8.1]    -1.99 [  -5.8,  +0.6]   -36.79 [ -50.6, -17.2]*   -0.40 [  -9.7,  +9.5] 
g0.05_m2_a0.71            -13.33 [ -38.8, +13.4]   -14.65 [ -37.6,  +1.1]    -1.19 [  -7.7,  +5.2]    -2.37 [  -6.6,  +1.7]   -37.16 [ -50.8, -17.2]*   -1.04 [  -8.2,  +3.2] 
g0.05_m2_a0.5             -13.56 [ -39.2, +13.1]   -14.51 [ -37.6,  +1.3]    -1.17 [  -8.1,  +6.3]    -2.26 [  -6.9,  +3.5]   -37.16 [ -50.8, -17.3]*   -1.00 [  -8.1,  +4.8] 

Per-record pooled means, percent (negative is better).
